,Loan_ID,Gender,married,Education,selfemployment,applicantincome,coapplicantincome,loanamount,Loan_amount_term,Credit_history,loan_status,source,dependents_0,dependents_1,dependents_2,dependents_3,Property_area_0,Property_area_1,Property_area_2
0,LP001002,1,0,0,0,5849,0.0,120.0,360.0,1.0,1,train,1,0,0,0,0,0,1
1,LP001003,1,1,0,0,4583,1508.0,128.0,360.0,1.0,0,train,0,1,0,0,1,0,0
2,LP001005,1,1,0,1,3000,0.0,66.0,360.0,1.0,1,train,1,0,0,0,0,0,1
3,LP001006,1,1,1,0,2583,2358.0,120.0,360.0,1.0,1,train,1,0,0,0,0,0,1
4,LP001008,1,0,0,0,6000,0.0,141.0,360.0,1.0,1,train,1,0,0,0,0,0,1
5,LP001011,1,1,0,1,5417,4196.0,267.0,360.0,1.0,1,train,0,0,1,0,0,0,1
6,LP001013,1,1,1,0,2333,1516.0,95.0,360.0,1.0,1,train,1,0,0,0,0,0,1
7,LP001014,1,1,0,0,3036,2504.0,158.0,360.0,0.0,0,train,0,0,0,1,0,1,0
8,LP001018,1,1,0,0,4006,1526.0,168.0,360.0,1.0,1,train,0,0,1,0,0,0,1
9,LP001020,1,1,0,0,12841,10968.0,349.0,360.0,1.0,0,train,0,1,0,0,0,1,0
10,LP001024,1,1,0,0,3200,700.0,70.0,360.0,1.0,1,train,0,0,1,0,0,0,1
11,LP001027,1,1,0,0,2500,1840.0,109.0,360.0,1.0,1,train,0,0,1,0,0,0,1
12,LP001028,1,1,0,0,3073,8106.0,200.0,360.0,1.0,1,train,0,0,1,0,0,0,1
13,LP001029,1,0,0,0,1853,2840.0,114.0,360.0,1.0,0,train,1,0,0,0,1,0,0
14,LP001030,1,1,0,0,1299,1086.0,17.0,120.0,1.0,1,train,0,0,1,0,0,0,1
15,LP001032,1,0,0,0,4950,0.0,125.0,360.0,1.0,1,train,1,0,0,0,0,0,1
16,LP001034,1,0,1,0,3596,0.0,100.0,240.0,1.0,1,train,0,1,0,0,0,0,1
17,LP001036,0,0,0,0,3510,0.0,76.0,360.0,0.0,0,train,1,0,0,0,0,0,1
18,LP001038,1,1,1,0,4887,0.0,133.0,360.0,1.0,0,train,1,0,0,0,1,0,0
19,LP001041,1,1,0,0,2600,3500.0,115.0,180.0,1.0,1,train,1,0,0,0,0,0,1
20,LP001043,1,1,1,0,7660,0.0,104.0,360.0,0.0,0,train,1,0,0,0,0,0,1
21,LP001046,1,1,0,0,5955,5625.0,315.0,360.0,1.0,1,train,0,1,0,0,0,0,1
22,LP001047,1,1,1,0,2600,1911.0,116.0,360.0,0.0,0,train,1,0,0,0,0,1,0
23,LP001050,1,1,1,0,3365,1917.0,112.0,360.0,0.0,0,train,0,0,1,0,1,0,0
24,LP001052,1,1,0,0,3717,2925.0,151.0,360.0,1.0,0,train,0,1,0,0,0,1,0
25,LP001066,1,1,0,1,9560,0.0,191.0,360.0,1.0,1,train,1,0,0,0,0,1,0
26,LP001068,1,1,0,0,2799,2253.0,122.0,360.0,1.0,1,train,1,0,0,0,0,1,0
27,LP001073,1,1,1,0,4226,1040.0,110.0,360.0,1.0,1,train,0,0,1,0,0,0,1
28,LP001086,1,0,1,0,1442,0.0,35.0,360.0,1.0,0,train,1,0,0,0,0,0,1
29,LP001087,0,0,0,0,3750,2083.0,120.0,360.0,1.0,1,train,0,0,1,0,0,1,0
30,LP001091,1,1,0,0,4166,3369.0,201.0,360.0,1.0,0,train,0,1,0,0,0,0,1
31,LP001095,1,0,0,0,3167,0.0,74.0,360.0,1.0,0,train,1,0,0,0,0,0,1
32,LP001097,1,0,0,1,4692,0.0,106.0,360.0,1.0,0,train,0,1,0,0,1,0,0
33,LP001098,1,1,0,0,3500,1667.0,114.0,360.0,1.0,1,train,1,0,0,0,0,1,0
34,LP001100,1,0,0,0,12500,3000.0,320.0,360.0,1.0,0,train,0,0,0,1,1,0,0
35,LP001106,1,1,0,0,2275,2067.0,120.0,360.0,1.0,1,train,1,0,0,0,0,0,1
36,LP001109,1,1,0,0,1828,1330.0,100.0,360.0,0.0,0,train,1,0,0,0,0,0,1
37,LP001112,0,1,0,0,3667,1459.0,144.0,360.0,1.0,1,train,1,0,0,0,0,1,0
38,LP001114,1,0,0,0,4166,7210.0,184.0,360.0,1.0,1,train,1,0,0,0,0,0,1
39,LP001116,1,0,1,0,3748,1668.0,110.0,360.0,1.0,1,train,1,0,0,0,0,1,0
40,LP001119,1,0,0,0,3600,0.0,80.0,360.0,1.0,0,train,1,0,0,0,0,0,1
41,LP001120,1,0,0,0,1800,1213.0,47.0,360.0,1.0,1,train,1,0,0,0,0,0,1
42,LP001123,1,1,0,0,2400,0.0,75.0,360.0,1.0,1,train,1,0,0,0,0,0,1
43,LP001131,1,1,0,0,3941,2336.0,134.0,360.0,1.0,1,train,1,0,0,0,0,1,0
44,LP001136,1,1,1,1,4695,0.0,96.0,360.0,1.0,1,train,1,0,0,0,0,0,1
45,LP001137,0,0,0,0,3410,0.0,88.0,360.0,1.0,1,train,1,0,0,0,0,0,1
46,LP001138,1,1,0,0,5649,0.0,44.0,360.0,1.0,1,train,0,1,0,0,0,0,1
47,LP001144,1,1,0,0,5821,0.0,144.0,360.0,1.0,1,train,1,0,0,0,0,0,1
48,LP001146,0,1,0,0,2645,3440.0,120.0,360.0,0.0,0,train,1,0,0,0,0,0,1
49,LP001151,0,0,0,0,4000,2275.0,144.0,360.0,1.0,1,train,1,0,0,0,0,1,0
50,LP001155,0,1,1,0,1928,1644.0,100.0,360.0,1.0,1,train,1,0,0,0,0,1,0
51,LP001157,0,0,0,0,3086,0.0,120.0,360.0,1.0,1,train,1,0,0,0,0,1,0
52,LP001164,0,0,0,0,4230,0.0,112.0,360.0,1.0,0,train,1,0,0,0,0,1,0
53,LP001179,1,1,0,0,4616,0.0,134.0,360.0,1.0,0,train,0,0,1,0,0,0,1
54,LP001186,0,1,0,1,11500,0.0,286.0,360.0,0.0,0,train,0,1,0,0,0,0,1
55,LP001194,1,1,0,0,2708,1167.0,97.0,360.0,1.0,1,train,0,0,1,0,0,1,0
56,LP001195,1,1,0,0,2132,1591.0,96.0,360.0,1.0,1,train,1,0,0,0,0,1,0
57,LP001197,1,1,0,0,3366,2200.0,135.0,360.0,1.0,0,train,1,0,0,0,1,0,0
58,LP001198,1,1,0,0,8080,2250.0,180.0,360.0,1.0,1,train,0,1,0,0,0,0,1
59,LP001199,1,1,1,0,3357,2859.0,144.0,360.0,1.0,1,train,0,0,1,0,0,0,1
60,LP001205,1,1,0,0,2500,3796.0,120.0,360.0,1.0,1,train,1,0,0,0,0,0,1
61,LP001206,1,1,0,0,3029,0.0,99.0,360.0,1.0,1,train,0,0,0,1,0,0,1
62,LP001207,1,1,1,1,2609,3449.0,165.0,180.0,0.0,0,train,1,0,0,0,1,0,0
63,LP001213,1,1,0,0,4945,0.0,120.0,360.0,0.0,0,train,0,1,0,0,1,0,0
64,LP001222,0,0,0,0,4166,0.0,116.0,360.0,0.0,0,train,1,0,0,0,0,1,0
65,LP001225,1,1,0,0,5726,4595.0,258.0,360.0,1.0,0,train,1,0,0,0,0,1,0
66,LP001228,1,0,1,0,3200,2254.0,126.0,180.0,0.0,0,train,1,0,0,0,0,0,1
67,LP001233,1,1,0,0,10750,0.0,312.0,360.0,1.0,1,train,0,1,0,0,0,0,1
68,LP001238,1,1,1,1,7100,0.0,125.0,60.0,1.0,1,train,0,0,0,1,0,0,1
69,LP001241,0,0,0,0,4300,0.0,136.0,360.0,0.0,0,train,1,0,0,0,0,1,0
70,LP001243,1,1,0,0,3208,3066.0,172.0,360.0,1.0,1,train,1,0,0,0,0,0,1
71,LP001245,1,1,1,1,1875,1875.0,97.0,360.0,1.0,1,train,0,0,1,0,0,1,0
72,LP001248,1,0,0,0,3500,0.0,81.0,300.0,1.0,1,train,1,0,0,0,0,1,0
73,LP001250,1,1,1,0,4755,0.0,95.0,6.0,0.0,0,train,0,0,0,1,0,1,0
74,LP001253,1,1,0,1,5266,1774.0,187.0,360.0,1.0,1,train,0,0,0,1,0,1,0
75,LP001255,1,0,0,0,3750,0.0,113.0,480.0,1.0,0,train,1,0,0,0,0,0,1
76,LP001256,1,0,0,0,3750,4750.0,176.0,360.0,1.0,0,train,1,0,0,0,0,0,1
77,LP001259,1,1,0,1,1000,3022.0,110.0,360.0,1.0,0,train,0,1,0,0,0,0,1
78,LP001263,1,1,0,0,3167,4000.0,180.0,300.0,0.0,0,train,0,0,0,1,0,1,0
79,LP001264,1,1,1,1,3333,2166.0,130.0,360.0,1.0,1,train,0,0,0,1,0,1,0
80,LP001265,0,0,0,0,3846,0.0,111.0,360.0,1.0,1,train,1,0,0,0,0,1,0
81,LP001266,1,1,0,1,2395,0.0,120.0,360.0,1.0,1,train,0,1,0,0,0,1,0
82,LP001267,0,1,0,0,1378,1881.0,167.0,360.0,1.0,0,train,0,0,1,0,0,0,1
83,LP001273,1,1,0,0,6000,2250.0,265.0,360.0,1.0,0,train,1,0,0,0,0,1,0
84,LP001275,1,1,0,0,3988,0.0,50.0,240.0,1.0,1,train,0,1,0,0,0,0,1
85,LP001279,1,0,0,0,2366,2531.0,136.0,360.0,1.0,1,train,1,0,0,0,0,1,0
86,LP001280,1,1,1,0,3333,2000.0,99.0,360.0,1.0,1,train,0,0,1,0,0,1,0
87,LP001282,1,1,0,0,2500,2118.0,104.0,360.0,1.0,1,train,1,0,0,0,0,1,0
88,LP001289,1,0,0,0,8566,0.0,210.0,360.0,1.0,1,train,1,0,0,0,0,0,1
89,LP001310,1,1,0,0,5695,4167.0,175.0,360.0,1.0,1,train,1,0,0,0,0,1,0
90,LP001316,1,1,0,0,2958,2900.0,131.0,360.0,1.0,1,train,1,0,0,0,0,1,0
91,LP001318,1,1,0,0,6250,5654.0,188.0,180.0,1.0,1,train,0,0,1,0,0,1,0
92,LP001319,1,1,1,0,3273,1820.0,81.0,360.0,1.0,1,train,0,0,1,0,0,0,1
93,LP001322,1,0,0,0,4133,0.0,122.0,360.0,1.0,1,train,1,0,0,0,0,1,0
94,LP001325,1,0,1,0,3620,0.0,25.0,120.0,1.0,1,train,1,0,0,0,0,1,0
95,LP001326,1,0,0,0,6782,0.0,120.0,360.0,1.0,0,train,1,0,0,0,0,0,1
96,LP001327,0,1,0,0,2484,2302.0,137.0,360.0,1.0,1,train,1,0,0,0,0,1,0
97,LP001333,1,1,0,0,1977,997.0,50.0,360.0,1.0,1,train,1,0,0,0,0,1,0
98,LP001334,1,1,1,0,4188,0.0,115.0,180.0,1.0,1,train,1,0,0,0,0,1,0
99,LP001343,1,1,0,0,1759,3541.0,131.0,360.0,1.0,1,train,1,0,0,0,0,1,0
100,LP001345,1,1,1,0,4288,3263.0,133.0,180.0,1.0,1,train,0,0,1,0,0,0,1
101,LP001349,1,0,0,0,4843,3806.0,151.0,360.0,1.0,1,train,1,0,0,0,0,1,0
102,LP001350,1,1,0,0,13650,0.0,120.0,360.0,1.0,1,train,1,0,0,0,0,0,1
103,LP001356,1,1,0,0,4652,3583.0,120.0,360.0,1.0,1,train,1,0,0,0,0,1,0
104,LP001357,1,1,0,0,3816,754.0,160.0,360.0,1.0,1,train,1,0,0,0,0,0,1
105,LP001367,1,1,0,0,3052,1030.0,100.0,360.0,1.0,1,train,0,1,0,0,0,0,1
106,LP001369,1,1,0,0,11417,1126.0,225.0,360.0,1.0,1,train,0,0,1,0,0,0,1
107,LP001370,1,0,1,1,7333,0.0,120.0,360.0,1.0,0,train,1,0,0,0,1,0,0
108,LP001379,1,1,0,0,3800,3600.0,216.0,360.0,0.0,0,train,0,0,1,0,0,0,1
109,LP001384,1,1,1,0,2071,754.0,94.0,480.0,1.0,1,train,0,0,0,1,0,1,0
110,LP001385,1,0,0,0,5316,0.0,136.0,360.0,1.0,1,train,1,0,0,0,0,0,1
111,LP001387,0,1,0,0,2929,2333.0,139.0,360.0,1.0,1,train,1,0,0,0,0,1,0
112,LP001391,1,1,1,0,3572,4114.0,152.0,360.0,0.0,0,train,1,0,0,0,1,0,0
113,LP001392,0,0,0,1,7451,0.0,120.0,360.0,1.0,1,train,0,1,0,0,0,1,0
114,LP001398,1,0,0,0,5050,0.0,118.0,360.0,1.0,1,train,1,0,0,0,0,1,0
115,LP001401,1,1,0,0,14583,0.0,185.0,180.0,1.0,1,train,0,1,0,0,1,0,0
116,LP001404,0,1,0,0,3167,2283.0,154.0,360.0,1.0,1,train,1,0,0,0,0,1,0
117,LP001405,1,1,0,0,2214,1398.0,85.0,360.0,1.0,1,train,0,1,0,0,0,0,1
118,LP001421,1,1,0,0,5568,2142.0,175.0,360.0,1.0,0,train,1,0,0,0,1,0,0
119,LP001422,0,0,0,0,10408,0.0,259.0,360.0,1.0,1,train,1,0,0,0,0,0,1
120,LP001426,1,1,0,0,5667,2667.0,180.0,360.0,1.0,1,train,1,0,0,0,1,0,0
121,LP001430,0,0,0,0,4166,0.0,44.0,360.0,1.0,1,train,1,0,0,0,0,1,0
122,LP001431,0,0,0,0,2137,8980.0,137.0,360.0,0.0,1,train,1,0,0,0,0,1,0
123,LP001432,1,1,0,0,2957,0.0,81.0,360.0,1.0,1,train,0,0,1,0,0,1,0
124,LP001439,1,1,1,0,4300,2014.0,194.0,360.0,1.0,1,train,1,0,0,0,1,0,0
125,LP001443,0,0,0,0,3692,0.0,93.0,360.0,1.0,1,train,1,0,0,0,1,0,0
126,LP001448,1,1,0,0,23803,0.0,370.0,360.0,1.0,1,train,0,0,0,1,1,0,0
127,LP001449,1,0,0,0,3865,1640.0,120.0,360.0,1.0,1,train,1,0,0,0,1,0,0
128,LP001451,1,1,0,1,10513,3850.0,160.0,180.0,0.0,0,train,0,1,0,0,0,0,1
129,LP001465,1,1,0,0,6080,2569.0,182.0,360.0,1.0,0,train,1,0,0,0,1,0,0
130,LP001469,1,0,0,1,20166,0.0,650.0,480.0,1.0,1,train,1,0,0,0,0,0,1
131,LP001473,1,0,0,0,2014,1929.0,74.0,360.0,1.0,1,train,1,0,0,0,0,0,1
132,LP001478,1,0,0,0,2718,0.0,70.0,360.0,1.0,1,train,1,0,0,0,0,1,0
133,LP001482,1,1,0,1,3459,0.0,25.0,120.0,1.0,1,train,1,0,0,0,0,1,0
134,LP001487,1,0,0,0,4895,0.0,102.0,360.0,1.0,1,train,1,0,0,0,0,1,0
135,LP001488,1,1,0,0,4000,7750.0,290.0,360.0,1.0,0,train,0,0,0,1,0,1,0
136,LP001489,0,1,0,0,4583,0.0,84.0,360.0,1.0,0,train,1,0,0,0,1,0,0
137,LP001491,1,1,0,1,3316,3500.0,88.0,360.0,1.0,1,train,0,0,1,0,0,0,1
138,LP001492,1,0,0,0,14999,0.0,242.0,360.0,0.0,0,train,1,0,0,0,0,1,0
139,LP001493,1,1,1,0,4200,1430.0,129.0,360.0,1.0,0,train,0,0,1,0,1,0,0
140,LP001497,1,1,0,0,5042,2083.0,185.0,360.0,1.0,0,train,0,0,1,0,1,0,0
141,LP001498,1,0,0,0,5417,0.0,168.0,360.0,1.0,1,train,1,0,0,0,0,0,1
142,LP001504,1,0,0,1,6950,0.0,175.0,180.0,1.0,1,train,1,0,0,0,0,1,0
143,LP001507,1,1,0,0,2698,2034.0,122.0,360.0,1.0,1,train,1,0,0,0,0,1,0
144,LP001508,1,1,0,0,11757,0.0,187.0,180.0,1.0,1,train,0,0,1,0,0,0,1
145,LP001514,0,1,0,0,2330,4486.0,100.0,360.0,1.0,1,train,1,0,0,0,0,1,0
146,LP001516,0,1,0,0,14866,0.0,70.0,360.0,1.0,1,train,0,0,1,0,0,0,1
147,LP001518,1,1,0,0,1538,1425.0,30.0,360.0,1.0,1,train,0,1,0,0,0,0,1
148,LP001519,0,0,0,0,10000,1666.0,225.0,360.0,1.0,0,train,1,0,0,0,1,0,0
149,LP001520,1,1,0,0,4860,830.0,125.0,360.0,1.0,1,train,1,0,0,0,0,1,0
150,LP001528,1,0,0,0,6277,0.0,118.0,360.0,0.0,0,train,1,0,0,0,1,0,0
151,LP001529,1,1,0,1,2577,3750.0,152.0,360.0,1.0,1,train,1,0,0,0,1,0,0
152,LP001531,1,0,0,0,9166,0.0,244.0,360.0,1.0,0,train,1,0,0,0,0,0,1
153,LP001532,1,1,1,0,2281,0.0,113.0,360.0,1.0,0,train,0,0,1,0,1,0,0
154,LP001535,1,0,0,0,3254,0.0,50.0,360.0,1.0,1,train,1,0,0,0,0,0,1
155,LP001536,1,1,0,0,39999,0.0,600.0,180.0,0.0,1,train,0,0,0,1,0,1,0
156,LP001541,1,1,0,0,6000,0.0,160.0,360.0,1.0,1,train,0,1,0,0,1,0,0
157,LP001543,1,1,0,0,9538,0.0,187.0,360.0,1.0,1,train,0,1,0,0,0,0,1
158,LP001546,1,0,0,0,2980,2083.0,120.0,360.0,1.0,1,train,1,0,0,0,1,0,0
159,LP001552,1,1,0,0,4583,5625.0,255.0,360.0,1.0,1,train,1,0,0,0,0,1,0
160,LP001560,1,1,1,0,1863,1041.0,98.0,360.0,1.0,1,train,1,0,0,0,0,1,0
161,LP001562,1,1,0,0,7933,0.0,275.0,360.0,1.0,0,train,1,0,0,0,0,0,1
162,LP001565,1,1,0,0,3089,1280.0,121.0,360.0,0.0,0,train,0,1,0,0,0,1,0
163,LP001570,1,1,0,0,4167,1447.0,158.0,360.0,1.0,1,train,0,0,1,0,1,0,0
164,LP001572,1,1,0,0,9323,0.0,75.0,180.0,1.0,1,train,1,0,0,0,0,0,1
165,LP001574,1,1,0,0,3707,3166.0,182.0,360.0,1.0,1,train,1,0,0,0,1,0,0
166,LP001577,0,1,0,0,4583,0.0,112.0,360.0,1.0,0,train,1,0,0,0,1,0,0
167,LP001578,1,1,0,0,2439,3333.0,129.0,360.0,1.0,1,train,1,0,0,0,1,0,0
168,LP001579,1,0,0,0,2237,0.0,63.0,480.0,0.0,0,train,1,0,0,0,0,1,0
169,LP001580,1,1,0,0,8000,0.0,200.0,360.0,1.0,1,train,0,0,1,0,0,1,0
170,LP001581,1,1,1,1,1820,1769.0,95.0,360.0,1.0,1,train,1,0,0,0,1,0,0
171,LP001585,1,1,0,0,51763,0.0,700.0,300.0,1.0,1,train,0,0,0,1,0,0,1
172,LP001586,1,1,1,0,3522,0.0,81.0,180.0,1.0,0,train,0,0,0,1,1,0,0
173,LP001594,1,1,0,0,5708,5625.0,187.0,360.0,1.0,1,train,1,0,0,0,0,1,0
174,LP001603,1,1,1,1,4344,736.0,87.0,360.0,1.0,0,train,1,0,0,0,0,1,0
175,LP001606,1,1,0,0,3497,1964.0,116.0,360.0,1.0,1,train,1,0,0,0,1,0,0
176,LP001608,1,1,0,0,2045,1619.0,101.0,360.0,1.0,1,train,0,0,1,0,1,0,0
177,LP001610,1,1,0,0,5516,11300.0,495.0,360.0,0.0,0,train,0,0,0,1,0,1,0
178,LP001616,1,1,0,0,3750,0.0,116.0,360.0,1.0,1,train,0,1,0,0,0,1,0
179,LP001630,1,0,1,0,2333,1451.0,102.0,480.0,0.0,0,train,1,0,0,0,0,0,1
180,LP001633,1,1,0,0,6400,7250.0,180.0,360.0,0.0,0,train,0,1,0,0,0,0,1
181,LP001634,1,0,0,0,1916,5063.0,67.0,360.0,1.0,0,train,1,0,0,0,1,0,0
182,LP001636,1,1,0,0,4600,0.0,73.0,180.0,1.0,1,train,1,0,0,0,0,1,0
183,LP001637,1,1,0,0,33846,0.0,260.0,360.0,1.0,0,train,0,1,0,0,0,1,0
184,LP001639,0,1,0,0,3625,0.0,108.0,360.0,1.0,1,train,1,0,0,0,0,1,0
185,LP001640,1,1,0,1,39147,4750.0,120.0,360.0,1.0,1,train,1,0,0,0,0,1,0
186,LP001641,1,1,0,1,2178,0.0,66.0,300.0,0.0,0,train,0,1,0,0,1,0,0
187,LP001643,1,1,0,0,2383,2138.0,58.0,360.0,1.0,1,train,1,0,0,0,1,0,0
188,LP001644,1,1,0,1,674,5296.0,168.0,360.0,1.0,1,train,1,0,0,0,1,0,0
189,LP001647,1,1,0,0,9328,0.0,188.0,180.0,1.0,1,train,1,0,0,0,1,0,0
190,LP001653,1,0,1,0,4885,0.0,48.0,360.0,1.0,1,train,1,0,0,0,1,0,0
191,LP001656,1,0,0,0,12000,0.0,164.0,360.0,1.0,0,train,1,0,0,0,0,1,0
192,LP001657,1,1,1,0,6033,0.0,160.0,360.0,1.0,0,train,1,0,0,0,0,0,1
193,LP001658,1,0,0,0,3858,0.0,76.0,360.0,1.0,1,train,1,0,0,0,0,1,0
194,LP001664,1,0,0,0,4191,0.0,120.0,360.0,1.0,1,train,1,0,0,0,1,0,0
195,LP001665,1,1,0,0,3125,2583.0,170.0,360.0,1.0,0,train,0,1,0,0,0,1,0
196,LP001666,1,0,0,0,8333,3750.0,187.0,360.0,1.0,1,train,1,0,0,0,1,0,0
197,LP001669,0,0,1,0,1907,2365.0,120.0,360.0,1.0,1,train,1,0,0,0,0,0,1
198,LP001671,0,1,0,0,3416,2816.0,113.0,360.0,1.0,1,train,1,0,0,0,0,1,0
199,LP001673,1,0,0,1,11000,0.0,83.0,360.0,1.0,0,train,1,0,0,0,0,0,1
200,LP001674,1,1,1,0,2600,2500.0,90.0,360.0,1.0,1,train,0,1,0,0,0,1,0
201,LP001677,1,0,0,0,4923,0.0,166.0,360.0,0.0,1,train,0,0,1,0,0,1,0
202,LP001682,1,1,1,0,3992,0.0,120.0,180.0,1.0,0,train,0,0,0,1,0,0,1
203,LP001688,1,1,1,0,3500,1083.0,135.0,360.0,1.0,1,train,0,1,0,0,0,0,1
204,LP001691,1,1,1,0,3917,0.0,124.0,360.0,1.0,1,train,0,0,1,0,0,1,0
205,LP001692,0,0,1,0,4408,0.0,120.0,360.0,1.0,1,train,1,0,0,0,0,1,0
206,LP001693,0,0,0,0,3244,0.0,80.0,360.0,1.0,1,train,1,0,0,0,0,0,1
207,LP001698,1,0,1,0,3975,2531.0,55.0,360.0,1.0,1,train,1,0,0,0,1,0,0
208,LP001699,1,0,0,0,2479,0.0,59.0,360.0,1.0,1,train,1,0,0,0,0,0,1
209,LP001702,1,0,0,0,3418,0.0,127.0,360.0,1.0,0,train,1,0,0,0,0,1,0
210,LP001708,0,0,0,0,10000,0.0,214.0,360.0,1.0,0,train,1,0,0,0,0,1,0
211,LP001711,1,1,0,0,3430,1250.0,128.0,360.0,0.0,0,train,0,0,0,1,0,1,0
212,LP001713,1,1,0,1,7787,0.0,240.0,360.0,1.0,1,train,0,1,0,0,0,0,1
213,LP001715,1,1,1,1,5703,0.0,130.0,360.0,1.0,1,train,0,0,0,1,1,0,0
214,LP001716,1,1,0,0,3173,3021.0,137.0,360.0,1.0,1,train,1,0,0,0,0,0,1
215,LP001720,1,1,1,0,3850,983.0,100.0,360.0,1.0,1,train,0,0,0,1,0,1,0
216,LP001722,1,1,0,0,150,1800.0,135.0,360.0,1.0,0,train,1,0,0,0,1,0,0
217,LP001726,1,1,0,0,3727,1775.0,131.0,360.0,1.0,1,train,1,0,0,0,0,1,0
218,LP001732,1,1,0,0,5000,0.0,72.0,360.0,0.0,0,train,0,0,1,0,0,1,0
219,LP001734,0,1,0,0,4283,2383.0,127.0,360.0,1.0,1,train,0,0,1,0,0,1,0
220,LP001736,1,1,0,0,2221,0.0,60.0,360.0,0.0,0,train,1,0,0,0,0,0,1
221,LP001743,1,1,0,0,4009,1717.0,116.0,360.0,1.0,1,train,0,0,1,0,0,1,0
222,LP001744,1,0,0,0,2971,2791.0,144.0,360.0,1.0,1,train,1,0,0,0,0,1,0
223,LP001749,1,1,0,0,7578,1010.0,175.0,360.0,1.0,1,train,1,0,0,0,0,1,0
224,LP001750,1,1,0,0,6250,0.0,128.0,360.0,1.0,1,train,1,0,0,0,0,1,0
225,LP001751,1,1,0,0,3250,0.0,170.0,360.0,1.0,0,train,1,0,0,0,1,0,0
226,LP001754,1,1,1,1,4735,0.0,138.0,360.0,1.0,0,train,1,0,0,0,0,0,1
227,LP001758,1,1,0,0,6250,1695.0,210.0,360.0,1.0,1,train,0,0,1,0,0,1,0
228,LP001760,1,1,0,0,4758,0.0,158.0,480.0,1.0,1,train,1,0,0,0,0,1,0
229,LP001761,1,0,0,1,6400,0.0,200.0,360.0,1.0,1,train,1,0,0,0,1,0,0
230,LP001765,1,1,0,0,2491,2054.0,104.0,360.0,1.0,1,train,0,1,0,0,0,1,0
231,LP001768,1,1,0,0,3716,0.0,42.0,180.0,1.0,1,train,1,0,0,0,1,0,0
232,LP001770,1,0,1,0,3189,2598.0,120.0,360.0,1.0,1,train,1,0,0,0,1,0,0
233,LP001776,0,0,0,0,8333,0.0,280.0,360.0,1.0,1,train,1,0,0,0,0,1,0
234,LP001778,1,1,0,0,3155,1779.0,140.0,360.0,1.0,1,train,0,1,0,0,0,1,0
235,LP001784,1,1,0,0,5500,1260.0,170.0,360.0,1.0,1,train,0,1,0,0,1,0,0
236,LP001786,1,1,0,0,5746,0.0,255.0,360.0,1.0,0,train,1,0,0,0,0,0,1
237,LP001788,0,0,0,1,3463,0.0,122.0,360.0,1.0,1,train,1,0,0,0,0,0,1
238,LP001790,0,0,0,0,3812,0.0,112.0,360.0,1.0,1,train,0,1,0,0,1,0,0
239,LP001792,1,1,0,0,3315,0.0,96.0,360.0,1.0,1,train,0,1,0,0,0,1,0
240,LP001798,1,1,0,0,5819,5000.0,120.0,360.0,1.0,1,train,0,0,1,0,1,0,0
241,LP001800,1,1,1,0,2510,1983.0,140.0,180.0,1.0,0,train,0,1,0,0,0,0,1
242,LP001806,1,0,0,0,2965,5701.0,155.0,60.0,1.0,1,train,1,0,0,0,0,0,1
243,LP001807,1,1,0,1,6250,1300.0,108.0,360.0,1.0,1,train,0,0,1,0,1,0,0
244,LP001811,1,1,1,0,3406,4417.0,123.0,360.0,1.0,1,train,1,0,0,0,0,1,0
245,LP001813,1,0,0,1,6050,4333.0,120.0,180.0,1.0,0,train,1,0,0,0,0,0,1
246,LP001814,1,1,0,0,9703,0.0,112.0,360.0,1.0,1,train,0,0,1,0,0,0,1
247,LP001819,1,1,1,0,6608,0.0,137.0,180.0,1.0,1,train,0,1,0,0,0,0,1
248,LP001824,1,1,0,0,2882,1843.0,123.0,480.0,1.0,1,train,0,1,0,0,0,1,0
249,LP001825,1,1,0,0,1809,1868.0,90.0,360.0,1.0,1,train,1,0,0,0,0,0,1
250,LP001835,1,1,1,0,1668,3890.0,201.0,360.0,0.0,0,train,1,0,0,0,0,1,0
251,LP001836,0,0,0,0,3427,0.0,138.0,360.0,1.0,0,train,0,0,1,0,0,0,1
252,LP001841,1,0,1,1,2583,2167.0,104.0,360.0,1.0,1,train,1,0,0,0,1,0,0
253,LP001843,1,1,1,0,2661,7101.0,279.0,180.0,1.0,1,train,0,1,0,0,0,1,0
254,LP001844,1,0,0,1,16250,0.0,192.0,360.0,0.0,0,train,1,0,0,0,0,0,1
255,LP001846,0,0,0,0,3083,0.0,255.0,360.0,1.0,1,train,0,0,0,1,1,0,0
256,LP001849,1,0,1,0,6045,0.0,115.0,360.0,0.0,0,train,1,0,0,0,1,0,0
257,LP001854,1,1,0,0,5250,0.0,94.0,360.0,1.0,0,train,0,0,0,1,0,0,1
258,LP001859,1,1,0,0,14683,2100.0,304.0,360.0,1.0,0,train,1,0,0,0,1,0,0
259,LP001864,1,1,1,0,4931,0.0,128.0,360.0,1.0,0,train,0,0,0,1,0,1,0
260,LP001865,1,1,0,0,6083,4250.0,330.0,360.0,1.0,1,train,0,1,0,0,0,0,1
261,LP001868,1,0,0,0,2060,2209.0,134.0,360.0,1.0,1,train,1,0,0,0,0,1,0
262,LP001870,0,0,0,0,3481,0.0,155.0,36.0,1.0,0,train,0,1,0,0,0,1,0
263,LP001871,0,0,0,0,7200,0.0,120.0,360.0,1.0,1,train,1,0,0,0,1,0,0
264,LP001872,1,0,0,1,5166,0.0,128.0,360.0,1.0,1,train,1,0,0,0,0,1,0
265,LP001875,1,0,0,0,4095,3447.0,151.0,360.0,1.0,1,train,1,0,0,0,1,0,0
266,LP001877,1,1,0,0,4708,1387.0,150.0,360.0,1.0,1,train,0,0,1,0,0,1,0
267,LP001882,1,1,0,0,4333,1811.0,160.0,360.0,0.0,1,train,0,0,0,1,0,0,1
268,LP001883,0,0,0,0,3418,0.0,135.0,360.0,1.0,0,train,1,0,0,0,1,0,0
269,LP001884,0,0,0,0,2876,1560.0,90.0,360.0,1.0,1,train,0,1,0,0,0,0,1
270,LP001888,0,0,0,0,3237,0.0,30.0,360.0,1.0,1,train,1,0,0,0,0,0,1
271,LP001891,1,1,0,0,11146,0.0,136.0,360.0,1.0,1,train,1,0,0,0,0,0,1
272,LP001892,1,0,0,0,2833,1857.0,126.0,360.0,1.0,1,train,1,0,0,0,1,0,0
273,LP001894,1,1,0,0,2620,2223.0,150.0,360.0,1.0,1,train,1,0,0,0,0,1,0
274,LP001896,1,1,0,0,3900,0.0,90.0,360.0,1.0,1,train,0,0,1,0,0,1,0
275,LP001900,1,1,0,0,2750,1842.0,115.0,360.0,1.0,1,train,0,1,0,0,0,1,0
276,LP001903,1,1,0,0,3993,3274.0,207.0,360.0,1.0,1,train,1,0,0,0,0,1,0
277,LP001904,1,1,0,0,3103,1300.0,80.0,360.0,1.0,1,train,1,0,0,0,0,0,1
278,LP001907,1,1,0,0,14583,0.0,436.0,360.0,1.0,1,train,1,0,0,0,0,1,0
279,LP001908,0,1,1,0,4100,0.0,124.0,360.0,1.0,1,train,1,0,0,0,1,0,0
280,LP001910,1,0,1,1,4053,2426.0,158.0,360.0,0.0,0,train,0,1,0,0,0,0,1
281,LP001914,1,1,0,0,3927,800.0,112.0,360.0,1.0,1,train,1,0,0,0,0,1,0
282,LP001915,1,1,0,0,2301,985.7999877999998,78.0,180.0,1.0,1,train,0,0,1,0,0,0,1
283,LP001917,0,0,0,0,1811,1666.0,54.0,360.0,1.0,1,train,1,0,0,0,0,0,1
284,LP001922,1,1,0,0,20667,0.0,120.0,360.0,1.0,0,train,1,0,0,0,1,0,0
285,LP001924,1,0,0,0,3158,3053.0,89.0,360.0,1.0,1,train,1,0,0,0,1,0,0
286,LP001925,0,0,0,1,2600,1717.0,99.0,300.0,1.0,0,train,1,0,0,0,0,1,0
287,LP001926,1,1,0,0,3704,2000.0,120.0,360.0,1.0,1,train,1,0,0,0,1,0,0
288,LP001931,0,0,0,0,4124,0.0,115.0,360.0,1.0,1,train,1,0,0,0,0,1,0
289,LP001935,1,0,0,0,9508,0.0,187.0,360.0,1.0,1,train,1,0,0,0,1,0,0
290,LP001936,1,1,0,0,3075,2416.0,139.0,360.0,1.0,1,train,1,0,0,0,1,0,0
291,LP001938,1,1,0,0,4400,0.0,127.0,360.0,0.0,0,train,0,0,1,0,0,1,0
292,LP001940,1,1,0,0,3153,1560.0,134.0,360.0,1.0,1,train,0,0,1,0,0,0,1
293,LP001945,0,0,0,0,5417,0.0,143.0,480.0,0.0,0,train,1,0,0,0,0,0,1
294,LP001947,1,1,0,0,2383,3334.0,172.0,360.0,1.0,1,train,1,0,0,0,0,1,0
295,LP001949,1,1,0,0,4416,1250.0,110.0,360.0,1.0,1,train,0,0,0,1,0,0,1
296,LP001953,1,1,0,0,6875,0.0,200.0,360.0,1.0,1,train,0,1,0,0,0,1,0
297,LP001954,0,1,0,0,4666,0.0,135.0,360.0,1.0,1,train,0,1,0,0,0,0,1
298,LP001955,0,0,0,0,5000,2541.0,151.0,480.0,1.0,0,train,1,0,0,0,1,0,0
299,LP001963,1,1,0,0,2014,2925.0,113.0,360.0,1.0,0,train,0,1,0,0,0,0,1
300,LP001964,1,1,1,0,1800,2934.0,93.0,360.0,0.0,0,train,1,0,0,0,0,0,1
301,LP001972,1,1,1,0,2875,1750.0,105.0,360.0,1.0,1,train,1,0,0,0,0,1,0
302,LP001974,0,0,0,0,5000,0.0,132.0,360.0,1.0,1,train,1,0,0,0,1,0,0
303,LP001977,1,1,0,0,1625,1803.0,96.0,360.0,1.0,1,train,0,1,0,0,0,0,1
304,LP001978,1,0,0,0,4000,2500.0,140.0,360.0,1.0,1,train,1,0,0,0,1,0,0
305,LP001990,1,0,1,0,2000,0.0,120.0,360.0,1.0,0,train,1,0,0,0,0,0,1
306,LP001993,0,0,0,0,3762,1666.0,135.0,360.0,1.0,1,train,1,0,0,0,1,0,0
307,LP001994,0,0,0,0,2400,1863.0,104.0,360.0,0.0,0,train,1,0,0,0,0,0,1
308,LP001996,1,0,0,0,20233,0.0,480.0,360.0,1.0,0,train,1,0,0,0,1,0,0
309,LP001998,1,1,1,0,7667,0.0,185.0,360.0,1.0,1,train,0,0,1,0,1,0,0
310,LP002002,0,0,0,0,2917,0.0,84.0,360.0,1.0,1,train,1,0,0,0,0,1,0
311,LP002004,1,0,1,0,2927,2405.0,111.0,360.0,1.0,1,train,1,0,0,0,0,1,0
312,LP002006,0,0,0,0,2507,0.0,56.0,360.0,1.0,1,train,1,0,0,0,1,0,0
313,LP002008,1,1,0,1,5746,0.0,144.0,84.0,1.0,1,train,0,0,1,0,1,0,0
314,LP002024,1,1,0,0,2473,1843.0,159.0,360.0,1.0,0,train,1,0,0,0,1,0,0
315,LP002031,1,1,1,0,3399,1640.0,111.0,180.0,1.0,1,train,0,1,0,0,0,0,1
316,LP002035,1,1,0,0,3717,0.0,120.0,360.0,1.0,1,train,0,0,1,0,0,1,0
317,LP002036,1,1,0,0,2058,2134.0,88.0,360.0,1.0,1,train,1,0,0,0,0,0,1
318,LP002043,0,0,0,0,3541,0.0,112.0,360.0,1.0,1,train,0,1,0,0,0,1,0
319,LP002050,1,1,0,1,10000,0.0,155.0,360.0,1.0,0,train,0,1,0,0,1,0,0
320,LP002051,1,1,0,0,2400,2167.0,115.0,360.0,1.0,1,train,1,0,0,0,0,1,0
321,LP002053,1,1,0,0,4342,189.0,124.0,360.0,1.0,1,train,0,0,0,1,0,1,0
322,LP002054,1,1,1,0,3601,1590.0,120.0,360.0,1.0,1,train,0,0,1,0,1,0,0
323,LP002055,0,0,0,0,3166,2985.0,132.0,360.0,1.0,1,train,1,0,0,0,1,0,0
324,LP002065,1,1,0,0,15000,0.0,300.0,360.0,1.0,1,train,0,0,0,1,1,0,0
325,LP002067,1,1,0,1,8666,4983.0,376.0,360.0,0.0,0,train,0,1,0,0,1,0,0
326,LP002068,1,0,0,0,4917,0.0,130.0,360.0,0.0,1,train,1,0,0,0,1,0,0
327,LP002082,1,1,0,1,5818,2160.0,184.0,360.0,1.0,1,train,1,0,0,0,0,1,0
328,LP002086,0,1,0,0,4333,2451.0,110.0,360.0,1.0,0,train,1,0,0,0,0,0,1
329,LP002087,0,0,0,0,2500,0.0,67.0,360.0,1.0,1,train,1,0,0,0,0,0,1
330,LP002097,1,0,0,0,4384,1793.0,117.0,360.0,1.0,1,train,0,1,0,0,0,0,1
331,LP002098,1,0,0,0,2935,0.0,98.0,360.0,1.0,1,train,1,0,0,0,0,1,0
332,LP002100,1,0,0,0,2833,0.0,71.0,360.0,1.0,1,train,1,0,0,0,0,0,1
333,LP002101,1,1,0,0,63337,0.0,490.0,180.0,1.0,1,train,1,0,0,0,0,0,1
334,LP002103,1,1,0,1,9833,1833.0,182.0,180.0,1.0,1,train,0,1,0,0,0,0,1
335,LP002106,1,1,0,1,5503,4490.0,70.0,60.0,1.0,1,train,1,0,0,0,0,1,0
336,LP002110,1,1,0,0,5250,688.0,160.0,360.0,1.0,1,train,0,1,0,0,1,0,0
337,LP002112,1,1,0,1,2500,4600.0,176.0,360.0,1.0,1,train,0,0,1,0,1,0,0
338,LP002113,0,0,1,0,1830,0.0,120.0,360.0,0.0,0,train,0,0,0,1,0,0,1
339,LP002114,0,0,0,0,4160,0.0,71.0,360.0,1.0,1,train,1,0,0,0,0,1,0
340,LP002115,1,1,1,0,2647,1587.0,173.0,360.0,1.0,0,train,0,0,0,1,1,0,0
341,LP002116,0,0,0,0,2378,0.0,46.0,360.0,1.0,0,train,1,0,0,0,1,0,0
342,LP002119,1,1,1,0,4554,1229.0,158.0,360.0,1.0,1,train,0,1,0,0,0,0,1
343,LP002126,1,1,1,0,3173,0.0,74.0,360.0,1.0,1,train,0,0,0,1,0,1,0
344,LP002128,1,1,0,0,2583,2330.0,125.0,360.0,1.0,1,train,0,0,1,0,1,0,0
345,LP002129,1,1,0,0,2499,2458.0,160.0,360.0,1.0,1,train,1,0,0,0,0,1,0
346,LP002130,1,1,1,0,3523,3230.0,152.0,360.0,0.0,0,train,1,0,0,0,1,0,0
347,LP002131,1,1,1,0,3083,2168.0,126.0,360.0,1.0,1,train,0,0,1,0,0,0,1
348,LP002137,1,1,0,0,6333,4583.0,259.0,360.0,1.0,1,train,1,0,0,0,0,1,0
349,LP002138,1,1,0,0,2625,6250.0,187.0,360.0,1.0,1,train,1,0,0,0,1,0,0
350,LP002139,1,1,0,0,9083,0.0,228.0,360.0,1.0,1,train,1,0,0,0,0,1,0
351,LP002140,1,0,0,0,8750,4167.0,308.0,360.0,1.0,0,train,1,0,0,0,1,0,0
352,LP002141,1,1,0,0,2666,2083.0,95.0,360.0,1.0,1,train,0,0,0,1,1,0,0
353,LP002142,0,1,0,1,5500,0.0,105.0,360.0,0.0,0,train,1,0,0,0,1,0,0
354,LP002143,0,1,0,0,2423,505.0,130.0,360.0,1.0,1,train,1,0,0,0,0,1,0
355,LP002144,0,0,0,0,3813,0.0,116.0,180.0,1.0,1,train,1,0,0,0,0,0,1
356,LP002149,1,1,0,0,8333,3167.0,165.0,360.0,1.0,1,train,0,0,1,0,1,0,0
357,LP002151,1,1,0,0,3875,0.0,67.0,360.0,1.0,0,train,0,1,0,0,0,0,1
358,LP002158,1,1,1,0,3000,1666.0,100.0,480.0,0.0,0,train,1,0,0,0,0,0,1
359,LP002160,1,1,0,0,5167,3167.0,200.0,360.0,1.0,1,train,0,0,0,1,0,1,0
360,LP002161,0,0,0,0,4723,0.0,81.0,360.0,1.0,0,train,0,1,0,0,0,1,0
361,LP002170,1,1,0,0,5000,3667.0,236.0,360.0,1.0,1,train,0,0,1,0,0,1,0
362,LP002175,1,1,0,0,4750,2333.0,130.0,360.0,1.0,1,train,1,0,0,0,0,0,1
363,LP002178,1,1,0,0,3013,3033.0,95.0,300.0,1.0,1,train,1,0,0,0,0,0,1
364,LP002180,1,0,0,1,6822,0.0,141.0,360.0,1.0,1,train,1,0,0,0,1,0,0
365,LP002181,1,0,1,0,6216,0.0,133.0,360.0,1.0,0,train,1,0,0,0,1,0,0
366,LP002187,1,0,0,0,2500,0.0,96.0,480.0,1.0,0,train,1,0,0,0,0,1,0
367,LP002188,1,0,0,0,5124,0.0,124.0,360.0,0.0,0,train,1,0,0,0,1,0,0
368,LP002190,1,1,0,0,6325,0.0,175.0,360.0,1.0,1,train,0,1,0,0,0,1,0
369,LP002191,1,1,0,0,19730,5266.0,570.0,360.0,1.0,0,train,1,0,0,0,1,0,0
370,LP002194,0,0,0,1,15759,0.0,55.0,360.0,1.0,1,train,1,0,0,0,0,1,0
371,LP002197,1,1,0,0,5185,0.0,155.0,360.0,1.0,1,train,0,0,1,0,0,1,0
372,LP002201,1,1,0,1,9323,7873.0,380.0,300.0,1.0,1,train,0,0,1,0,1,0,0
373,LP002205,1,0,0,0,3062,1987.0,111.0,180.0,0.0,0,train,0,1,0,0,0,0,1
374,LP002209,0,0,0,0,2764,1459.0,110.0,360.0,1.0,1,train,1,0,0,0,0,0,1
375,LP002211,1,1,0,0,4817,923.0,120.0,180.0,1.0,1,train,1,0,0,0,0,0,1
376,LP002219,1,1,0,0,8750,4996.0,130.0,360.0,1.0,1,train,0,0,0,1,1,0,0
377,LP002223,1,1,0,0,4310,0.0,130.0,360.0,1.0,1,train,1,0,0,0,0,1,0
378,LP002224,1,0,0,0,3069,0.0,71.0,480.0,1.0,0,train,1,0,0,0,0,0,1
379,LP002225,1,1,0,0,5391,0.0,130.0,360.0,1.0,1,train,0,0,1,0,0,0,1
380,LP002226,1,1,0,0,3333,2500.0,128.0,360.0,1.0,1,train,1,0,0,0,0,1,0
381,LP002229,1,0,0,0,5941,4232.0,296.0,360.0,1.0,1,train,1,0,0,0,0,1,0
382,LP002231,0,0,0,0,6000,0.0,156.0,360.0,1.0,1,train,1,0,0,0,0,0,1
383,LP002234,1,0,0,1,7167,0.0,128.0,360.0,1.0,1,train,1,0,0,0,0,0,1
384,LP002236,1,1,0,0,4566,0.0,100.0,360.0,1.0,0,train,0,0,1,0,0,0,1
385,LP002237,1,0,0,0,3667,0.0,113.0,180.0,1.0,1,train,0,1,0,0,0,0,1
386,LP002239,1,0,1,0,2346,1600.0,132.0,360.0,1.0,1,train,1,0,0,0,0,1,0
387,LP002243,1,1,1,0,3010,3136.0,120.0,360.0,0.0,0,train,1,0,0,0,0,0,1
388,LP002244,1,1,0,0,2333,2417.0,136.0,360.0,1.0,1,train,1,0,0,0,0,0,1
389,LP002250,1,1,0,0,5488,0.0,125.0,360.0,1.0,1,train,1,0,0,0,1,0,0
390,LP002255,1,0,0,0,9167,0.0,185.0,360.0,1.0,1,train,0,0,0,1,1,0,0
391,LP002262,1,1,0,0,9504,0.0,275.0,360.0,1.0,1,train,0,0,0,1,1,0,0
392,LP002263,1,1,0,0,2583,2115.0,120.0,360.0,1.0,1,train,1,0,0,0,0,0,1
393,LP002265,1,1,1,0,1993,1625.0,113.0,180.0,1.0,1,train,0,0,1,0,0,1,0
394,LP002266,1,1,0,0,3100,1400.0,113.0,360.0,1.0,1,train,0,0,1,0,0,0,1
395,LP002272,1,1,0,0,3276,484.0,135.0,360.0,1.0,1,train,0,0,1,0,0,1,0
396,LP002277,0,0,0,0,3180,0.0,71.0,360.0,0.0,0,train,1,0,0,0,0,0,1
397,LP002281,1,1,0,0,3033,1459.0,95.0,360.0,1.0,1,train,1,0,0,0,0,0,1
398,LP002284,1,0,1,0,3902,1666.0,109.0,360.0,1.0,1,train,1,0,0,0,1,0,0
399,LP002287,0,0,0,0,1500,1800.0,103.0,360.0,0.0,0,train,1,0,0,0,0,1,0
400,LP002288,1,1,1,0,2889,0.0,45.0,180.0,0.0,0,train,0,0,1,0,0,0,1
401,LP002296,1,0,1,0,2755,0.0,65.0,300.0,1.0,0,train,1,0,0,0,1,0,0
402,LP002297,1,0,0,0,2500,20000.0,103.0,360.0,1.0,1,train,1,0,0,0,0,1,0
403,LP002300,0,0,1,0,1963,0.0,53.0,360.0,1.0,1,train,1,0,0,0,0,1,0
404,LP002301,0,0,0,1,7441,0.0,194.0,360.0,1.0,0,train,1,0,0,0,1,0,0
405,LP002305,0,0,0,0,4547,0.0,115.0,360.0,1.0,1,train,1,0,0,0,0,1,0
406,LP002308,1,1,1,0,2167,2400.0,115.0,360.0,1.0,1,train,1,0,0,0,0,0,1
407,LP002314,0,0,1,0,2213,0.0,66.0,360.0,1.0,1,train,1,0,0,0,1,0,0
408,LP002315,1,1,0,0,8300,0.0,152.0,300.0,0.0,0,train,0,1,0,0,0,1,0
409,LP002317,1,1,0,0,81000,0.0,360.0,360.0,0.0,0,train,0,0,0,1,1,0,0
410,LP002318,0,0,1,1,3867,0.0,62.0,360.0,1.0,0,train,0,1,0,0,0,1,0
411,LP002319,1,1,0,0,6256,0.0,160.0,360.0,1.0,1,train,1,0,0,0,0,0,1
412,LP002328,1,1,1,0,6096,0.0,218.0,360.0,0.0,0,train,1,0,0,0,1,0,0
413,LP002332,1,1,1,0,2253,2033.0,110.0,360.0,1.0,1,train,1,0,0,0,1,0,0
414,LP002335,0,1,1,0,2149,3237.0,178.0,360.0,0.0,0,train,1,0,0,0,0,1,0
415,LP002337,0,0,0,0,2995,0.0,60.0,360.0,1.0,1,train,1,0,0,0,0,0,1
416,LP002341,0,0,0,0,2600,0.0,160.0,360.0,1.0,0,train,0,1,0,0,0,0,1
417,LP002342,1,1,0,1,1600,20000.0,239.0,360.0,1.0,0,train,0,0,1,0,0,0,1
418,LP002345,1,1,0,0,1025,2773.0,112.0,360.0,1.0,1,train,1,0,0,0,1,0,0
419,LP002347,1,1,0,0,3246,1417.0,138.0,360.0,1.0,1,train,1,0,0,0,0,1,0
420,LP002348,1,1,0,0,5829,0.0,138.0,360.0,1.0,1,train,1,0,0,0,1,0,0
421,LP002357,0,0,1,0,2720,0.0,80.0,360.0,0.0,0,train,1,0,0,0,0,0,1
422,LP002361,1,1,0,0,1820,1719.0,100.0,360.0,1.0,1,train,1,0,0,0,0,0,1
423,LP002362,1,1,0,0,7250,1667.0,110.0,60.0,0.0,0,train,0,1,0,0,0,0,1
424,LP002364,1,1,0,0,14880,0.0,96.0,360.0,1.0,1,train,1,0,0,0,0,1,0
425,LP002366,1,1,0,0,2666,4300.0,121.0,360.0,1.0,1,train,1,0,0,0,1,0,0
426,LP002367,0,0,1,0,4606,0.0,81.0,360.0,1.0,0,train,0,1,0,0,1,0,0
427,LP002368,1,1,0,0,5935,0.0,133.0,360.0,1.0,1,train,0,0,1,0,0,1,0
428,LP002369,1,1,0,0,2920,16.12000084,87.0,360.0,1.0,1,train,1,0,0,0,1,0,0
429,LP002370,1,0,1,0,2717,0.0,60.0,180.0,1.0,1,train,1,0,0,0,0,0,1
430,LP002377,0,0,0,1,8624,0.0,150.0,360.0,1.0,1,train,0,1,0,0,0,1,0
431,LP002379,1,0,0,0,6500,0.0,105.0,360.0,0.0,0,train,1,0,0,0,1,0,0
432,LP002386,1,0,0,0,12876,0.0,405.0,360.0,1.0,1,train,1,0,0,0,0,1,0
433,LP002387,1,1,0,0,2425,2340.0,143.0,360.0,1.0,1,train,1,0,0,0,0,1,0
434,LP002390,1,0,0,0,3750,0.0,100.0,360.0,1.0,1,train,1,0,0,0,0,0,1
435,LP002393,0,1,0,0,10047,0.0,120.0,240.0,1.0,1,train,1,0,0,0,0,1,0
436,LP002398,1,0,0,0,1926,1851.0,50.0,360.0,1.0,1,train,1,0,0,0,0,1,0
437,LP002401,1,1,0,0,2213,1125.0,120.0,360.0,1.0,1,train,1,0,0,0,0,0,1
438,LP002403,1,0,0,1,10416,0.0,187.0,360.0,0.0,0,train,1,0,0,0,0,0,1
439,LP002407,0,1,1,1,7142,0.0,138.0,360.0,1.0,1,train,1,0,0,0,1,0,0
440,LP002408,1,0,0,0,3660,5064.0,187.0,360.0,1.0,1,train,1,0,0,0,0,1,0
441,LP002409,1,1,0,0,7901,1833.0,180.0,360.0,1.0,1,train,1,0,0,0,1,0,0
442,LP002418,1,0,1,0,4707,1993.0,148.0,360.0,1.0,1,train,0,0,0,1,0,1,0
443,LP002422,1,0,0,0,37719,0.0,152.0,360.0,1.0,1,train,0,1,0,0,0,1,0
444,LP002424,1,1,0,0,7333,8333.0,175.0,300.0,1.0,1,train,1,0,0,0,1,0,0
445,LP002429,1,1,0,1,3466,1210.0,130.0,360.0,1.0,1,train,0,1,0,0,1,0,0
446,LP002434,1,1,1,0,4652,0.0,110.0,360.0,1.0,1,train,0,0,1,0,1,0,0
447,LP002435,1,1,0,0,3539,1376.0,55.0,360.0,1.0,0,train,1,0,0,0,1,0,0
448,LP002443,1,1,0,0,3340,1710.0,150.0,360.0,0.0,0,train,0,0,1,0,1,0,0
449,LP002444,1,0,1,1,2769,1542.0,190.0,360.0,1.0,0,train,0,1,0,0,0,1,0
450,LP002446,1,1,1,0,2309,1255.0,125.0,360.0,0.0,0,train,0,0,1,0,1,0,0
451,LP002447,1,1,1,0,1958,1456.0,60.0,300.0,1.0,1,train,0,0,1,0,0,0,1
452,LP002448,1,1,0,0,3948,1733.0,149.0,360.0,0.0,0,train,1,0,0,0,1,0,0
453,LP002449,1,1,0,0,2483,2466.0,90.0,180.0,0.0,1,train,1,0,0,0,1,0,0
454,LP002453,1,0,0,1,7085,0.0,84.0,360.0,1.0,1,train,1,0,0,0,0,1,0
455,LP002455,1,1,0,0,3859,0.0,96.0,360.0,1.0,1,train,0,0,1,0,0,1,0
456,LP002459,1,1,0,0,4301,0.0,118.0,360.0,1.0,1,train,1,0,0,0,0,0,1
457,LP002467,1,1,0,0,3708,2569.0,173.0,360.0,1.0,0,train,1,0,0,0,0,0,1
458,LP002472,1,0,0,0,4354,0.0,136.0,360.0,1.0,1,train,0,0,1,0,1,0,0
459,LP002473,1,1,0,0,8334,0.0,160.0,360.0,1.0,0,train,1,0,0,0,0,1,0
460,LP002478,1,1,0,1,2083,4083.0,160.0,360.0,1.0,1,train,1,0,0,0,0,1,0
461,LP002484,1,1,0,0,7740,0.0,128.0,180.0,1.0,1,train,0,0,0,1,0,0,1
462,LP002487,1,1,0,0,3015,2188.0,153.0,360.0,1.0,1,train,1,0,0,0,1,0,0
463,LP002489,0,0,1,1,5191,0.0,132.0,360.0,1.0,1,train,0,1,0,0,0,1,0
464,LP002493,1,0,0,0,4166,0.0,98.0,360.0,0.0,0,train,1,0,0,0,0,1,0
465,LP002494,1,0,0,0,6000,0.0,140.0,360.0,1.0,1,train,1,0,0,0,1,0,0
466,LP002500,1,1,1,0,2947,1664.0,70.0,180.0,0.0,0,train,0,0,0,1,0,0,1
467,LP002501,1,1,0,0,16692,0.0,110.0,360.0,1.0,1,train,1,0,0,0,0,1,0
468,LP002502,0,1,1,1,210,2917.0,98.0,360.0,1.0,1,train,0,0,1,0,0,1,0
469,LP002505,1,1,0,0,4333,2451.0,110.0,360.0,1.0,0,train,1,0,0,0,0,0,1
470,LP002515,1,1,0,1,3450,2079.0,162.0,360.0,1.0,1,train,0,1,0,0,0,1,0
471,LP002517,1,1,1,0,2653,1500.0,113.0,180.0,0.0,0,train,0,1,0,0,1,0,0
472,LP002519,1,1,0,0,4691,0.0,100.0,360.0,1.0,1,train,0,0,0,1,0,1,0
473,LP002522,0,0,0,1,2500,0.0,93.0,360.0,1.0,1,train,1,0,0,0,0,0,1
474,LP002524,1,0,0,0,5532,4648.0,162.0,360.0,1.0,1,train,0,0,1,0,1,0,0
475,LP002527,1,1,0,1,16525,1014.0,150.0,360.0,1.0,1,train,0,0,1,0,1,0,0
476,LP002529,1,1,0,0,6700,1750.0,230.0,300.0,1.0,1,train,0,0,1,0,0,1,0
477,LP002530,1,1,0,0,2873,1872.0,132.0,360.0,0.0,0,train,0,0,1,0,0,1,0
478,LP002531,1,1,0,1,16667,2250.0,86.0,360.0,1.0,1,train,0,1,0,0,0,1,0
479,LP002533,1,1,0,0,2947,1603.0,120.0,360.0,1.0,0,train,0,0,1,0,0,0,1
480,LP002534,0,0,1,0,4350,0.0,154.0,360.0,1.0,1,train,1,0,0,0,1,0,0
481,LP002536,1,1,1,0,3095,0.0,113.0,360.0,1.0,1,train,0,0,0,1,1,0,0
482,LP002537,1,1,0,0,2083,3150.0,128.0,360.0,1.0,1,train,1,0,0,0,0,1,0
483,LP002541,1,1,0,0,10833,0.0,234.0,360.0,1.0,1,train,1,0,0,0,0,1,0
484,LP002543,1,1,0,0,8333,0.0,246.0,360.0,1.0,1,train,0,0,1,0,0,1,0
485,LP002544,1,1,1,0,1958,2436.0,131.0,360.0,1.0,1,train,0,1,0,0,1,0,0
486,LP002545,1,0,0,0,3547,0.0,80.0,360.0,0.0,0,train,0,0,1,0,1,0,0
487,LP002547,1,1,0,0,18333,0.0,500.0,360.0,1.0,0,train,0,1,0,0,0,0,1
488,LP002555,1,1,0,1,4583,2083.0,160.0,360.0,1.0,1,train,0,0,1,0,0,1,0
489,LP002556,1,0,0,0,2435,0.0,75.0,360.0,1.0,0,train,1,0,0,0,0,0,1
490,LP002560,1,0,1,0,2699,2785.0,96.0,360.0,1.0,1,train,1,0,0,0,0,1,0
491,LP002562,1,1,1,0,5333,1131.0,186.0,360.0,1.0,1,train,0,1,0,0,0,0,1
492,LP002571,1,0,1,0,3691,0.0,110.0,360.0,1.0,1,train,1,0,0,0,1,0,0
493,LP002582,0,0,1,1,17263,0.0,225.0,360.0,1.0,1,train,1,0,0,0,0,1,0
494,LP002585,1,1,0,0,3597,2157.0,119.0,360.0,0.0,0,train,1,0,0,0,1,0,0
495,LP002586,0,1,0,0,3326,913.0,105.0,84.0,1.0,1,train,0,1,0,0,0,1,0
496,LP002587,1,1,1,0,2600,1700.0,107.0,360.0,1.0,1,train,1,0,0,0,1,0,0
497,LP002588,1,1,0,0,4625,2857.0,111.0,12.0,1.0,1,train,1,0,0,0,0,0,1
498,LP002600,1,1,0,1,2895,0.0,95.0,360.0,1.0,1,train,0,1,0,0,0,1,0
499,LP002602,1,0,0,0,6283,4416.0,209.0,360.0,0.0,0,train,1,0,0,0,1,0,0
500,LP002603,0,0,0,0,645,3683.0,113.0,480.0,1.0,1,train,1,0,0,0,1,0,0
501,LP002606,0,0,0,0,3159,0.0,100.0,360.0,1.0,1,train,1,0,0,0,0,1,0
502,LP002615,1,1,0,0,4865,5624.0,208.0,360.0,1.0,1,train,0,0,1,0,0,1,0
503,LP002618,1,1,1,0,4050,5302.0,138.0,360.0,1.0,0,train,0,1,0,0,1,0,0
504,LP002619,1,1,1,0,3814,1483.0,124.0,300.0,1.0,1,train,1,0,0,0,0,1,0
505,LP002622,1,1,0,0,3510,4416.0,243.0,360.0,1.0,1,train,0,0,1,0,1,0,0
506,LP002624,1,1,0,0,20833,6667.0,480.0,360.0,1.0,1,train,1,0,0,0,0,0,1
507,LP002625,1,0,0,0,3583,0.0,96.0,360.0,1.0,0,train,1,0,0,0,0,0,1
508,LP002626,1,1,0,1,2479,3013.0,188.0,360.0,1.0,1,train,1,0,0,0,0,0,1
509,LP002634,0,0,0,0,13262,0.0,40.0,360.0,1.0,1,train,0,1,0,0,0,0,1
510,LP002637,1,0,1,0,3598,1287.0,100.0,360.0,1.0,0,train,1,0,0,0,1,0,0
511,LP002640,1,1,0,0,6065,2004.0,250.0,360.0,1.0,1,train,0,1,0,0,0,1,0
512,LP002643,1,1,0,0,3283,2035.0,148.0,360.0,1.0,1,train,0,0,1,0,0,0,1
513,LP002648,1,1,0,0,2130,6666.0,70.0,180.0,1.0,0,train,1,0,0,0,0,1,0
514,LP002652,1,0,0,0,5815,3666.0,311.0,360.0,1.0,0,train,1,0,0,0,1,0,0
515,LP002659,1,1,0,0,3466,3428.0,150.0,360.0,1.0,1,train,0,0,0,1,1,0,0
516,LP002670,0,1,0,0,2031,1632.0,113.0,480.0,1.0,1,train,0,0,1,0,0,1,0
517,LP002682,1,1,1,0,3074,1800.0,123.0,360.0,0.0,0,train,1,0,0,0,0,1,0
518,LP002683,1,0,0,0,4683,1915.0,185.0,360.0,1.0,0,train,1,0,0,0,0,1,0
519,LP002684,0,0,1,0,3400,0.0,95.0,360.0,1.0,0,train,1,0,0,0,1,0,0
520,LP002689,1,1,1,0,2192,1742.0,45.0,360.0,1.0,1,train,0,0,1,0,0,1,0
521,LP002690,1,0,0,0,2500,0.0,55.0,360.0,1.0,1,train,1,0,0,0,0,1,0
522,LP002692,1,1,0,1,5677,1424.0,100.0,360.0,1.0,1,train,0,0,0,1,1,0,0
523,LP002693,1,1,0,1,7948,7166.0,480.0,360.0,1.0,1,train,0,0,1,0,1,0,0
524,LP002697,1,0,0,0,4680,2087.0,120.0,360.0,1.0,0,train,1,0,0,0,0,1,0
525,LP002699,1,1,0,1,17500,0.0,400.0,360.0,1.0,1,train,0,0,1,0,1,0,0
526,LP002705,1,1,0,0,3775,0.0,110.0,360.0,1.0,1,train,1,0,0,0,0,1,0
527,LP002706,1,1,1,0,5285,1430.0,161.0,360.0,0.0,1,train,0,1,0,0,0,1,0
528,LP002714,1,0,1,0,2679,1302.0,94.0,360.0,1.0,1,train,0,1,0,0,0,1,0
529,LP002716,1,0,1,0,6783,0.0,130.0,360.0,1.0,1,train,1,0,0,0,0,1,0
530,LP002717,1,1,0,0,1025,5500.0,216.0,360.0,1.0,1,train,1,0,0,0,1,0,0
531,LP002720,1,1,0,0,4281,0.0,100.0,360.0,1.0,1,train,0,0,0,1,0,0,1
532,LP002723,1,0,0,0,3588,0.0,110.0,360.0,0.0,0,train,0,0,1,0,1,0,0
533,LP002729,1,0,0,0,11250,0.0,196.0,360.0,1.0,0,train,0,1,0,0,0,1,0
534,LP002731,0,0,1,1,18165,0.0,125.0,360.0,1.0,1,train,1,0,0,0,0,0,1
535,LP002732,1,0,1,1,2550,2042.0,126.0,360.0,1.0,1,train,1,0,0,0,1,0,0
536,LP002734,1,1,0,0,6133,3906.0,324.0,360.0,1.0,1,train,1,0,0,0,0,0,1
537,LP002738,1,0,0,0,3617,0.0,107.0,360.0,1.0,1,train,0,0,1,0,0,1,0
538,LP002739,1,1,1,0,2917,536.0,66.0,360.0,1.0,0,train,1,0,0,0,1,0,0
539,LP002740,1,1,0,0,6417,0.0,157.0,180.0,1.0,1,train,0,0,0,1,1,0,0
540,LP002741,0,1,0,0,4608,2845.0,140.0,180.0,1.0,1,train,0,1,0,0,0,1,0
541,LP002743,0,0,0,0,2138,0.0,99.0,360.0,0.0,0,train,1,0,0,0,0,1,0
542,LP002753,0,0,0,0,3652,0.0,95.0,360.0,1.0,1,train,0,1,0,0,0,1,0
543,LP002755,1,1,1,0,2239,2524.0,128.0,360.0,1.0,1,train,0,1,0,0,0,0,1
544,LP002757,0,1,1,0,3017,663.0,102.0,360.0,1.0,1,train,1,0,0,0,0,1,0
545,LP002767,1,1,0,0,2768,1950.0,155.0,360.0,1.0,1,train,1,0,0,0,1,0,0
546,LP002768,1,0,1,0,3358,0.0,80.0,36.0,1.0,0,train,1,0,0,0,0,1,0
547,LP002772,1,0,0,0,2526,1783.0,145.0,360.0,1.0,1,train,1,0,0,0,1,0,0
548,LP002776,0,0,0,0,5000,0.0,103.0,360.0,0.0,0,train,1,0,0,0,0,1,0
549,LP002777,1,1,0,0,2785,2016.0,110.0,360.0,1.0,1,train,1,0,0,0,1,0,0
550,LP002778,1,1,0,1,6633,0.0,120.0,360.0,0.0,0,train,0,0,1,0,1,0,0
551,LP002784,1,1,1,0,2492,2375.0,120.0,360.0,1.0,1,train,0,1,0,0,1,0,0
552,LP002785,1,1,0,0,3333,3250.0,158.0,360.0,1.0,1,train,0,1,0,0,0,0,1
553,LP002788,1,1,1,0,2454,2333.0,181.0,360.0,0.0,0,train,1,0,0,0,0,0,1
554,LP002789,1,1,0,0,3593,4266.0,132.0,180.0,0.0,0,train,1,0,0,0,1,0,0
555,LP002792,1,1,0,0,5468,1032.0,26.0,360.0,1.0,1,train,0,1,0,0,0,1,0
556,LP002794,0,0,0,0,2667,1625.0,84.0,360.0,1.0,1,train,1,0,0,0,0,0,1
557,LP002795,1,1,0,1,10139,0.0,260.0,360.0,1.0,1,train,0,0,0,1,0,1,0
558,LP002798,1,1,0,0,3887,2669.0,162.0,360.0,1.0,1,train,1,0,0,0,0,1,0
559,LP002804,0,1,0,0,4180,2306.0,182.0,360.0,1.0,1,train,1,0,0,0,0,1,0
560,LP002807,1,1,1,0,3675,242.0,108.0,360.0,1.0,1,train,0,0,1,0,0,1,0
561,LP002813,0,1,0,1,19484,0.0,600.0,360.0,1.0,1,train,0,1,0,0,0,1,0
562,LP002820,1,1,0,0,5923,2054.0,211.0,360.0,1.0,1,train,1,0,0,0,1,0,0
563,LP002821,1,0,1,1,5800,0.0,132.0,360.0,1.0,1,train,1,0,0,0,0,1,0
564,LP002832,1,1,0,0,8799,0.0,258.0,360.0,0.0,0,train,0,0,1,0,0,0,1
565,LP002833,1,1,1,0,4467,0.0,120.0,360.0,1.0,1,train,1,0,0,0,1,0,0
566,LP002836,1,0,0,0,3333,0.0,70.0,360.0,1.0,1,train,1,0,0,0,0,0,1
567,LP002837,1,1,0,0,3400,2500.0,123.0,360.0,0.0,0,train,0,0,0,1,1,0,0
568,LP002840,0,0,0,0,2378,0.0,9.0,360.0,1.0,0,train,1,0,0,0,0,0,1
569,LP002841,1,1,0,0,3166,2064.0,104.0,360.0,0.0,0,train,1,0,0,0,0,0,1
570,LP002842,1,1,0,0,3417,1750.0,186.0,360.0,1.0,1,train,0,1,0,0,0,0,1
571,LP002847,1,1,0,0,5116,1451.0,165.0,360.0,0.0,0,train,1,0,0,0,0,0,1
572,LP002855,1,1,0,0,16666,0.0,275.0,360.0,1.0,1,train,0,0,1,0,0,0,1
573,LP002862,1,1,1,0,6125,1625.0,187.0,480.0,1.0,0,train,0,0,1,0,0,1,0
574,LP002863,1,1,0,0,6406,0.0,150.0,360.0,1.0,0,train,0,0,0,1,0,1,0
575,LP002868,1,1,0,0,3159,461.0,108.0,84.0,1.0,1,train,0,0,1,0,0,0,1
576,LP002872,1,1,0,0,3087,2210.0,136.0,360.0,0.0,0,train,1,0,0,0,0,1,0
577,LP002874,1,0,0,0,3229,2739.0,110.0,360.0,1.0,1,train,1,0,0,0,0,0,1
578,LP002877,1,1,0,0,1782,2232.0,107.0,360.0,1.0,1,train,0,1,0,0,1,0,0
579,LP002888,1,0,0,0,3182,2917.0,161.0,360.0,1.0,1,train,1,0,0,0,0,0,1
580,LP002892,1,1,0,0,6540,0.0,205.0,360.0,1.0,1,train,0,0,1,0,0,1,0
581,LP002893,1,0,0,0,1836,33837.0,90.0,360.0,1.0,0,train,1,0,0,0,0,0,1
582,LP002894,0,1,0,0,3166,0.0,36.0,360.0,1.0,1,train,1,0,0,0,0,1,0
583,LP002898,1,1,0,0,1880,0.0,61.0,360.0,1.0,0,train,0,1,0,0,1,0,0
584,LP002911,1,1,0,0,2787,1917.0,146.0,360.0,0.0,0,train,0,1,0,0,1,0,0
585,LP002912,1,1,0,0,4283,3000.0,172.0,84.0,1.0,0,train,0,1,0,0,1,0,0
586,LP002916,1,1,0,0,2297,1522.0,104.0,360.0,1.0,1,train,1,0,0,0,0,0,1
587,LP002917,0,0,1,0,2165,0.0,70.0,360.0,1.0,1,train,1,0,0,0,0,1,0
588,LP002925,1,0,0,0,4750,0.0,94.0,360.0,1.0,1,train,1,0,0,0,0,1,0
589,LP002926,1,1,0,1,2726,0.0,106.0,360.0,0.0,0,train,0,0,1,0,0,1,0
590,LP002928,1,1,0,0,3000,3416.0,56.0,180.0,1.0,1,train,1,0,0,0,0,1,0
591,LP002931,1,1,0,1,6000,0.0,205.0,240.0,1.0,0,train,0,0,1,0,0,1,0
592,LP002933,1,0,0,1,9357,0.0,292.0,360.0,1.0,1,train,0,0,0,1,0,1,0
593,LP002936,1,1,0,0,3859,3300.0,142.0,180.0,1.0,1,train,1,0,0,0,1,0,0
594,LP002938,1,1,0,1,16120,0.0,260.0,360.0,1.0,1,train,1,0,0,0,0,0,1
595,LP002940,1,0,1,0,3833,0.0,110.0,360.0,1.0,1,train,1,0,0,0,1,0,0
596,LP002941,1,1,1,1,6383,1000.0,187.0,360.0,1.0,0,train,0,0,1,0,1,0,0
597,LP002943,1,0,0,0,2987,0.0,88.0,360.0,0.0,0,train,1,0,0,0,0,1,0
598,LP002945,1,1,0,1,9963,0.0,180.0,360.0,1.0,1,train,1,0,0,0,1,0,0
599,LP002948,1,1,0,0,5780,0.0,192.0,360.0,1.0,1,train,0,0,1,0,0,0,1
600,LP002949,0,0,0,0,416,41667.0,350.0,180.0,1.0,0,train,0,0,0,1,0,0,1
601,LP002950,1,1,1,1,2894,2792.0,155.0,360.0,1.0,1,train,1,0,0,0,1,0,0
602,LP002953,1,1,0,0,5703,0.0,128.0,360.0,1.0,1,train,0,0,0,1,0,0,1
603,LP002958,1,0,0,0,3676,4301.0,172.0,360.0,1.0,1,train,1,0,0,0,1,0,0
604,LP002959,0,1,0,0,12000,0.0,496.0,360.0,1.0,1,train,0,1,0,0,0,1,0
605,LP002960,1,1,1,0,2400,3800.0,120.0,180.0,1.0,0,train,1,0,0,0,0,0,1
606,LP002961,1,1,0,0,3400,2500.0,173.0,360.0,1.0,1,train,0,1,0,0,0,1,0
607,LP002964,1,1,1,0,3987,1411.0,157.0,360.0,1.0,1,train,0,0,1,0,1,0,0
608,LP002974,1,1,0,0,3232,1950.0,108.0,360.0,1.0,1,train,1,0,0,0,1,0,0
609,LP002978,0,0,0,0,2900,0.0,71.0,360.0,1.0,1,train,1,0,0,0,1,0,0
610,LP002979,1,1,0,0,4106,0.0,40.0,180.0,1.0,1,train,0,0,0,1,1,0,0
611,LP002983,1,1,0,0,8072,240.0,253.0,360.0,1.0,1,train,0,1,0,0,0,0,1
612,LP002984,1,1,0,0,7583,0.0,187.0,360.0,1.0,1,train,0,0,1,0,0,0,1
613,LP002990,0,0,0,1,4583,0.0,133.0,360.0,0.0,1,train,1,0,0,0,0,1,0
0,LP001015,1,1,0,0,5720,0.0,110.0,360.0,1.0,1,test,1,0,0,0,0,0,1
1,LP001022,1,1,0,0,3076,1500.0,126.0,360.0,1.0,1,test,0,1,0,0,0,0,1
2,LP001031,1,1,0,0,5000,1800.0,208.0,360.0,1.0,1,test,1,0,0,0,0,0,1
3,LP001035,1,1,0,0,2340,2546.0,100.0,360.0,1.0,1,test,1,0,0,0,0,0,1
4,LP001051,1,0,1,0,3276,0.0,78.0,360.0,1.0,0,test,1,0,0,0,0,0,1
5,LP001054,1,1,1,1,2165,3422.0,152.0,360.0,1.0,1,test,0,0,1,0,0,0,1
6,LP001055,0,0,1,0,2226,0.0,59.0,360.0,1.0,1,test,1,0,0,0,0,1,0
7,LP001056,1,1,1,0,3881,0.0,147.0,360.0,0.0,0,test,0,0,0,1,1,0,0
8,LP001059,1,1,0,0,13633,0.0,280.0,240.0,1.0,1,test,0,0,1,0,0,0,1
9,LP001067,1,0,1,0,2400,2400.0,123.0,360.0,1.0,1,test,0,1,0,0,0,1,0
10,LP001078,1,0,1,0,3091,0.0,90.0,360.0,1.0,1,test,0,0,1,0,0,0,1
11,LP001082,1,1,0,0,2185,1516.0,162.0,360.0,1.0,1,test,0,0,1,0,0,1,0
12,LP001083,1,0,0,0,4166,0.0,40.0,180.0,1.0,1,test,0,0,1,0,0,0,1
13,LP001094,1,1,0,0,12173,0.0,166.0,360.0,0.0,0,test,1,0,0,0,0,1,0
14,LP001096,0,0,0,0,4666,0.0,124.0,360.0,1.0,1,test,0,0,1,0,0,1,0
15,LP001099,1,0,0,0,5667,0.0,131.0,360.0,1.0,1,test,1,0,0,0,0,0,1
16,LP001105,1,1,0,0,4583,2916.0,200.0,360.0,1.0,1,test,0,1,0,0,0,0,1
17,LP001107,1,1,0,0,3786,333.0,126.0,360.0,1.0,1,test,1,0,0,0,0,1,0
18,LP001108,1,1,0,0,9226,7916.0,300.0,360.0,1.0,1,test,1,0,0,0,0,0,1
19,LP001115,1,0,0,0,1300,3470.0,100.0,180.0,1.0,1,test,1,0,0,0,0,1,0
20,LP001121,1,1,1,0,1888,1620.0,48.0,360.0,1.0,1,test,1,0,0,0,0,0,1
21,LP001124,0,0,1,0,2083,0.0,28.0,180.0,1.0,1,test,0,1,0,0,0,0,1
22,LP001128,1,0,0,0,3909,0.0,101.0,360.0,1.0,1,test,1,0,0,0,0,0,1
23,LP001135,0,0,1,0,3765,0.0,125.0,360.0,1.0,1,test,0,0,1,0,0,0,1
24,LP001149,1,1,0,0,5400,4380.0,290.0,360.0,1.0,1,test,0,1,0,0,0,0,1
25,LP001153,1,0,0,0,0,24000.0,148.0,360.0,0.0,0,test,1,0,0,0,1,0,0
26,LP001163,1,1,0,0,4363,1250.0,140.0,360.0,1.0,1,test,1,0,0,0,0,0,1
27,LP001169,1,1,0,0,7500,3750.0,275.0,360.0,1.0,1,test,0,0,1,0,0,0,1
28,LP001174,1,1,0,0,3772,833.0,57.0,360.0,1.0,1,test,1,0,0,0,0,1,0
29,LP001176,1,0,0,0,2942,2382.0,125.0,180.0,1.0,1,test,0,0,1,0,0,0,1
30,LP001177,0,0,1,0,2478,0.0,75.0,360.0,1.0,1,test,0,1,0,0,0,1,0
31,LP001183,1,1,0,0,6250,820.0,192.0,360.0,1.0,1,test,1,0,0,0,0,0,1
32,LP001185,1,0,0,0,3268,1683.0,152.0,360.0,1.0,1,test,0,1,0,0,0,1,0
33,LP001187,1,1,0,0,2783,2708.0,158.0,360.0,1.0,1,test,1,0,0,0,0,0,1
34,LP001190,1,1,0,0,2740,1541.0,101.0,360.0,1.0,1,test,0,0,0,1,0,0,1
35,LP001203,1,0,0,0,3150,0.0,176.0,360.0,0.0,0,test,1,0,0,0,0,1,0
36,LP001208,1,1,0,0,7350,4029.0,185.0,180.0,1.0,1,test,1,0,0,0,0,0,1
37,LP001210,1,1,0,1,2267,2792.0,90.0,360.0,1.0,1,test,1,0,0,0,0,0,1
38,LP001211,1,0,0,1,5833,0.0,116.0,360.0,1.0,1,test,1,0,0,0,0,0,1
39,LP001219,1,0,0,0,3643,1963.0,138.0,360.0,1.0,1,test,1,0,0,0,0,0,1
40,LP001220,1,1,0,0,5629,818.0,100.0,360.0,1.0,1,test,1,0,0,0,0,0,1
41,LP001221,0,0,0,0,3644,0.0,110.0,360.0,1.0,1,test,1,0,0,0,0,0,1
42,LP001226,1,1,1,0,1750,2024.0,90.0,360.0,1.0,1,test,1,0,0,0,0,1,0
43,LP001230,1,0,0,0,6500,2600.0,200.0,360.0,1.0,1,test,1,0,0,0,0,1,0
44,LP001231,0,0,0,0,3666,0.0,84.0,360.0,1.0,1,test,1,0,0,0,0,0,1
45,LP001232,1,1,0,0,4260,3900.0,185.0,360.0,1.0,1,test,1,0,0,0,0,0,1
46,LP001237,1,1,1,0,4163,1475.0,162.0,360.0,1.0,1,test,0,1,0,0,0,0,1
47,LP001242,1,0,1,0,2356,1902.0,108.0,360.0,1.0,1,test,1,0,0,0,0,1,0
48,LP001268,1,0,0,0,6792,3338.0,187.0,360.0,1.0,1,test,1,0,0,0,0,0,1
49,LP001270,1,1,1,1,8000,250.0,187.0,360.0,1.0,1,test,1,0,0,0,0,1,0
50,LP001284,1,1,0,0,2419,1707.0,124.0,360.0,1.0,1,test,1,0,0,0,0,0,1
51,LP001287,1,1,1,0,3500,833.0,120.0,360.0,1.0,1,test,1,0,0,0,0,1,0
52,LP001291,1,1,0,0,3500,3077.0,160.0,360.0,1.0,1,test,1,0,0,0,0,1,0
53,LP001298,1,1,0,0,4116,1000.0,30.0,180.0,1.0,1,test,0,0,1,0,0,0,1
54,LP001312,1,1,1,1,5293,0.0,92.0,360.0,1.0,1,test,0,1,0,0,0,0,1
55,LP001313,1,0,0,0,2750,0.0,130.0,360.0,0.0,0,test,0,0,1,0,0,0,1
56,LP001317,0,0,1,0,4402,0.0,130.0,360.0,1.0,1,test,1,0,0,0,1,0,0
57,LP001321,1,1,0,0,3613,3539.0,134.0,180.0,1.0,1,test,1,0,0,0,0,1,0
58,LP001323,0,1,0,0,2779,3664.0,176.0,360.0,0.0,0,test,0,1,0,0,0,1,0
59,LP001324,1,1,0,0,4720,0.0,90.0,180.0,1.0,1,test,0,0,1,0,0,1,0
60,LP001332,1,1,1,0,2415,1721.0,110.0,360.0,1.0,1,test,1,0,0,0,0,1,0
61,LP001335,1,1,0,1,7016,292.0,125.0,360.0,1.0,1,test,0,0,0,1,0,0,1
62,LP001338,0,0,0,0,4968,0.0,189.0,360.0,1.0,1,test,1,0,0,0,0,1,0
63,LP001347,0,0,0,0,2101,1500.0,108.0,360.0,0.0,0,test,0,1,0,0,1,0,0
64,LP001348,1,1,1,0,4490,0.0,125.0,360.0,1.0,1,test,1,0,0,0,0,0,1
65,LP001351,1,1,0,0,2917,3583.0,138.0,360.0,1.0,1,test,1,0,0,0,0,1,0
66,LP001352,1,1,1,0,4700,0.0,135.0,360.0,0.0,0,test,1,0,0,0,0,1,0
67,LP001358,1,1,0,0,3445,0.0,130.0,360.0,0.0,0,test,0,1,0,0,0,1,0
68,LP001359,1,1,0,0,7666,0.0,187.0,360.0,1.0,1,test,0,0,0,1,0,1,0
69,LP001361,1,1,0,0,2458,5105.0,188.0,360.0,0.0,0,test,1,0,0,0,1,0,0
70,LP001366,0,0,0,0,3250,0.0,95.0,360.0,1.0,1,test,1,0,0,0,0,1,0
71,LP001368,1,0,0,0,4463,0.0,65.0,360.0,1.0,1,test,0,0,1,0,0,1,0
72,LP001375,1,1,0,0,4083,1775.0,139.0,60.0,1.0,1,test,1,0,0,0,0,0,1
73,LP001380,1,1,0,1,3900,2094.0,232.0,360.0,1.0,1,test,0,0,0,1,1,0,0
74,LP001386,1,1,1,0,4750,3583.0,144.0,360.0,1.0,1,test,0,0,0,1,0,1,0
75,LP001400,1,0,0,0,3583,3435.0,155.0,360.0,1.0,1,test,1,0,0,0,0,0,1
76,LP001407,1,1,0,0,3189,2367.0,186.0,360.0,1.0,1,test,1,0,0,0,0,0,1
77,LP001413,1,0,0,1,6356,0.0,50.0,360.0,1.0,1,test,0,1,0,0,1,0,0
78,LP001415,1,1,0,0,3413,4053.0,120.0,360.0,1.0,1,test,0,0,0,1,0,1,0
79,LP001419,0,1,0,0,7950,0.0,185.0,360.0,1.0,1,test,0,0,0,1,0,0,1
80,LP001420,1,1,0,0,3829,1103.0,163.0,360.0,0.0,0,test,1,0,0,0,0,0,1
81,LP001428,1,1,0,0,72529,0.0,360.0,360.0,1.0,1,test,0,1,0,0,0,0,1
82,LP001445,1,1,1,0,4136,0.0,149.0,480.0,0.0,0,test,0,0,1,0,1,0,0
83,LP001446,1,1,0,0,8449,0.0,257.0,360.0,1.0,0,test,1,0,0,0,1,0,0
84,LP001450,1,1,0,0,4456,0.0,131.0,180.0,0.0,0,test,0,1,0,0,0,1,0
85,LP001452,1,1,0,0,4635,8000.0,102.0,180.0,1.0,1,test,1,0,0,0,1,0,0
86,LP001455,1,1,0,0,3571,1917.0,135.0,360.0,1.0,1,test,0,0,1,0,0,0,1
87,LP001466,1,0,0,0,3066,0.0,95.0,360.0,1.0,1,test,1,0,0,0,0,1,0
88,LP001471,1,0,1,0,3235,2015.0,77.0,360.0,1.0,1,test,1,0,0,0,0,1,0
89,LP001472,0,0,0,0,5058,0.0,200.0,360.0,1.0,0,test,1,0,0,0,1,0,0
90,LP001475,1,1,0,1,3188,2286.0,130.0,360.0,1.0,1,test,1,0,0,0,1,0,0
91,LP001483,1,1,0,0,13518,0.0,390.0,360.0,1.0,1,test,0,0,1,0,1,0,0
92,LP001486,1,1,0,0,4364,2500.0,185.0,360.0,1.0,1,test,0,0,1,0,0,1,0
93,LP001490,1,1,1,0,4766,1646.0,100.0,360.0,1.0,1,test,1,0,0,0,0,1,0
94,LP001496,1,1,0,0,4609,2333.0,123.0,360.0,0.0,0,test,1,0,0,0,0,1,0
95,LP001499,0,1,0,0,6260,0.0,110.0,360.0,1.0,1,test,1,0,0,0,0,1,0
96,LP001500,1,1,0,0,3333,4200.0,256.0,360.0,1.0,1,test,1,0,0,0,0,0,1
97,LP001501,1,1,0,0,3500,3250.0,140.0,360.0,1.0,1,test,1,0,0,0,0,1,0
98,LP001517,1,1,0,0,9719,0.0,61.0,360.0,1.0,1,test,1,0,0,0,0,0,1
99,LP001527,1,1,0,0,6835,0.0,188.0,360.0,1.0,1,test,1,0,0,0,0,1,0
100,LP001534,1,0,0,0,4452,0.0,131.0,360.0,1.0,1,test,0,0,1,0,1,0,0
101,LP001542,0,1,0,0,2262,0.0,120.0,480.0,0.0,0,test,1,0,0,0,0,1,0
102,LP001547,1,1,0,0,3901,0.0,116.0,360.0,1.0,1,test,1,0,0,0,0,0,1
103,LP001548,1,1,1,0,2687,0.0,50.0,180.0,1.0,1,test,1,0,0,0,1,0,0
104,LP001558,1,0,0,0,2243,2233.0,107.0,360.0,1.0,1,test,1,0,0,0,0,1,0
105,LP001561,0,1,0,0,3417,1287.0,200.0,360.0,1.0,1,test,0,1,0,0,0,1,0
106,LP001563,1,0,0,0,1596,1760.0,119.0,360.0,0.0,0,test,0,0,1,0,0,0,1
107,LP001567,1,1,0,0,4513,0.0,120.0,360.0,1.0,1,test,1,0,0,0,1,0,0
108,LP001568,1,1,0,0,4500,0.0,140.0,360.0,1.0,1,test,0,0,1,0,0,1,0
109,LP001573,1,1,1,0,4523,1350.0,165.0,360.0,1.0,1,test,0,0,0,1,0,0,1
110,LP001584,0,0,0,1,4742,0.0,108.0,360.0,1.0,1,test,1,0,0,0,0,1,0
111,LP001587,1,1,0,0,4082,0.0,93.0,360.0,1.0,1,test,1,0,0,0,0,1,0
112,LP001589,0,0,0,0,3417,0.0,102.0,360.0,1.0,1,test,1,0,0,0,0,0,1
113,LP001591,0,1,0,0,2922,3396.0,122.0,360.0,1.0,1,test,0,1,0,0,0,1,0
114,LP001599,1,1,0,0,4167,4754.0,160.0,360.0,1.0,1,test,1,0,0,0,1,0,0
115,LP001601,1,0,0,0,4243,4123.0,157.0,360.0,1.0,1,test,0,1,0,0,0,1,0
116,LP001607,0,0,1,0,0,1760.0,180.0,360.0,1.0,0,test,1,0,0,0,0,1,0
117,LP001611,1,1,0,0,1516,2900.0,80.0,360.0,0.0,0,test,0,1,0,0,1,0,0
118,LP001613,0,0,0,0,1762,2666.0,104.0,360.0,0.0,0,test,1,0,0,0,0,0,1
119,LP001622,1,1,0,0,724,3510.0,213.0,360.0,0.0,0,test,1,0,0,0,1,0,0
120,LP001627,1,0,0,0,3125,0.0,65.0,360.0,1.0,1,test,1,0,0,0,0,0,1
121,LP001650,1,1,0,0,2333,3803.0,146.0,360.0,1.0,1,test,1,0,0,0,1,0,0
122,LP001651,1,1,0,0,3350,1560.0,135.0,360.0,1.0,1,test,1,0,0,0,0,0,1
123,LP001652,1,0,0,0,2500,6414.0,187.0,360.0,0.0,0,test,0,0,1,0,1,0,0
124,LP001655,0,0,0,0,12500,0.0,300.0,360.0,0.0,0,test,1,0,0,0,0,0,1
125,LP001660,1,0,0,0,4667,0.0,120.0,360.0,1.0,1,test,1,0,0,0,0,1,0
126,LP001662,1,0,0,0,6500,0.0,71.0,360.0,0.0,0,test,0,0,0,1,0,0,1
127,LP001663,1,1,0,0,7500,0.0,225.0,360.0,1.0,1,test,1,0,0,0,0,0,1
128,LP001667,1,0,0,0,3073,0.0,70.0,180.0,1.0,1,test,0,1,0,0,0,0,1
129,LP001695,1,1,1,0,3321,2088.0,70.0,360.0,1.0,1,test,1,0,0,0,0,1,0
130,LP001703,1,1,0,0,3333,1270.0,124.0,360.0,1.0,1,test,1,0,0,0,0,0,1
131,LP001718,1,0,0,0,3391,0.0,132.0,360.0,1.0,0,test,1,0,0,0,1,0,0
132,LP001728,1,1,0,1,3343,1517.0,105.0,360.0,1.0,1,test,1,0,0,0,1,0,0
133,LP001735,0,0,0,0,3620,0.0,90.0,360.0,1.0,1,test,1,0,0,0,0,0,1
134,LP001737,1,0,0,0,4000,0.0,83.0,84.0,1.0,1,test,1,0,0,0,0,0,1
135,LP001739,1,1,0,0,4258,0.0,125.0,360.0,1.0,1,test,0,0,0,1,0,0,1
136,LP001742,1,1,0,0,4500,0.0,147.0,360.0,1.0,1,test,1,0,0,0,1,0,0
137,LP001757,1,1,0,0,2014,2925.0,120.0,360.0,1.0,1,test,0,0,1,0,1,0,0
138,LP001769,1,0,0,0,3333,1250.0,110.0,360.0,1.0,1,test,1,0,0,0,0,1,0
139,LP001771,0,0,0,0,4083,0.0,103.0,360.0,1.0,1,test,0,0,1,0,0,1,0
140,LP001785,1,0,0,0,4727,0.0,150.0,360.0,0.0,0,test,0,0,1,0,1,0,0
141,LP001787,1,1,0,0,3089,2999.0,100.0,240.0,1.0,1,test,1,0,0,0,1,0,0
142,LP001789,1,1,1,1,6794,528.0,139.0,360.0,0.0,0,test,1,0,0,0,0,0,1
143,LP001791,1,1,0,1,32000,0.0,550.0,360.0,1.0,1,test,1,0,0,0,0,1,0
144,LP001794,1,1,0,1,10890,0.0,260.0,12.0,1.0,1,test,0,0,1,0,1,0,0
145,LP001797,0,0,0,0,12941,0.0,150.0,300.0,1.0,1,test,1,0,0,0,0,0,1
146,LP001815,1,0,1,0,3276,0.0,90.0,360.0,1.0,1,test,0,0,1,0,0,1,0
147,LP001817,1,0,1,1,8703,0.0,199.0,360.0,0.0,0,test,0,1,0,0,1,0,0
148,LP001818,1,1,0,0,4742,717.0,139.0,360.0,1.0,1,test,1,0,0,0,0,1,0
149,LP001822,1,0,0,0,5900,0.0,150.0,360.0,1.0,1,test,1,0,0,0,0,0,1
150,LP001827,1,0,0,0,3071,4309.0,180.0,360.0,1.0,1,test,1,0,0,0,0,0,1
151,LP001831,1,1,0,0,2783,1456.0,113.0,360.0,1.0,1,test,1,0,0,0,0,0,1
152,LP001842,1,0,0,0,5000,0.0,148.0,360.0,1.0,1,test,1,0,0,0,1,0,0
153,LP001853,1,1,1,0,2463,2360.0,117.0,360.0,0.0,0,test,0,0,1,0,0,0,1
154,LP001855,1,1,0,0,4855,0.0,72.0,360.0,1.0,1,test,1,0,0,0,1,0,0
155,LP001857,1,0,1,1,1599,2474.0,125.0,300.0,1.0,1,test,0,0,0,1,0,1,0
156,LP001862,1,1,0,1,4246,4246.0,214.0,360.0,1.0,1,test,0,1,0,0,0,0,1
157,LP001867,1,1,0,0,4333,2291.0,133.0,350.0,1.0,0,test,0,1,0,0,1,0,0
158,LP001878,1,0,0,0,5823,2529.0,187.0,360.0,1.0,1,test,1,0,0,0,0,1,0
159,LP001881,1,1,1,0,7895,0.0,143.0,360.0,1.0,0,test,1,0,0,0,1,0,0
160,LP001886,1,0,0,0,4150,4256.0,209.0,360.0,1.0,1,test,1,0,0,0,1,0,0
161,LP001906,1,0,0,0,2964,0.0,84.0,360.0,0.0,0,test,1,0,0,0,0,1,0
162,LP001909,1,0,0,0,5583,0.0,116.0,360.0,1.0,1,test,0,1,0,0,0,0,1
163,LP001911,0,0,0,0,2708,0.0,65.0,360.0,1.0,1,test,0,0,1,0,1,0,0
164,LP001921,1,0,0,0,3180,2370.0,80.0,240.0,1.0,1,test,1,0,0,0,1,0,0
165,LP001923,1,0,1,0,2268,0.0,170.0,360.0,0.0,0,test,1,0,0,0,0,1,0
166,LP001933,1,0,1,0,1141,2017.0,120.0,360.0,0.0,0,test,1,0,0,0,0,0,1
167,LP001943,1,1,0,0,3042,3167.0,135.0,360.0,1.0,1,test,1,0,0,0,0,0,1
168,LP001950,0,1,0,0,1750,2935.0,94.0,360.0,0.0,0,test,1,0,0,0,0,1,0
169,LP001959,0,1,0,0,3564,0.0,79.0,360.0,1.0,0,test,0,0,1,0,1,0,0
170,LP001961,0,0,0,0,3958,0.0,110.0,360.0,1.0,1,test,1,0,0,0,1,0,0
171,LP001973,1,1,1,0,4483,0.0,130.0,360.0,1.0,1,test,0,0,0,1,1,0,0
172,LP001975,1,1,0,0,5225,0.0,143.0,360.0,1.0,0,test,0,0,0,1,1,0,0
173,LP001979,1,0,0,0,3017,2845.0,159.0,180.0,0.0,0,test,1,0,0,0,0,0,1
174,LP001995,1,1,1,0,2431,1820.0,110.0,360.0,0.0,0,test,1,0,0,0,1,0,0
175,LP001999,1,1,0,0,4912,4614.0,160.0,360.0,1.0,1,test,1,0,0,0,1,0,0
176,LP002007,1,1,1,0,2500,3333.0,131.0,360.0,1.0,1,test,0,0,1,0,0,0,1
177,LP002009,0,0,0,0,2918,0.0,65.0,360.0,1.0,1,test,0,0,0,1,1,0,0
178,LP002016,1,1,0,0,5128,0.0,143.0,360.0,1.0,1,test,0,1,0,0,1,0,0
179,LP002017,1,1,0,0,15312,0.0,187.0,360.0,1.0,1,test,1,0,0,0,0,0,1
180,LP002018,1,1,0,0,3958,2632.0,160.0,360.0,1.0,1,test,0,1,0,0,0,1,0
181,LP002027,1,1,0,0,4334,2945.0,165.0,360.0,1.0,1,test,1,0,0,0,0,1,0
182,LP002028,1,1,0,0,4358,0.0,110.0,360.0,1.0,1,test,1,0,0,0,0,0,1
183,LP002042,0,1,0,0,4000,3917.0,173.0,360.0,1.0,1,test,0,1,0,0,1,0,0
184,LP002045,1,1,0,0,10166,750.0,150.0,360.0,1.0,1,test,1,0,0,0,0,0,1
185,LP002046,1,1,1,0,4483,0.0,135.0,360.0,1.0,1,test,1,0,0,0,0,1,0
186,LP002047,1,1,1,0,4521,1184.0,150.0,360.0,1.0,1,test,0,1,0,0,0,1,0
187,LP002056,1,1,0,0,9167,0.0,235.0,360.0,1.0,1,test,1,0,0,0,0,1,0
188,LP002057,1,1,1,0,13083,0.0,120.0,360.0,1.0,1,test,1,0,0,0,1,0,0
189,LP002059,1,1,0,0,7874,3967.0,336.0,360.0,1.0,1,test,1,0,0,0,1,0,0
190,LP002062,0,1,0,0,4333,0.0,132.0,84.0,1.0,1,test,1,0,0,0,1,0,0
191,LP002064,1,0,0,0,4083,0.0,96.0,360.0,1.0,1,test,1,0,0,0,0,0,1
192,LP002069,1,1,1,1,3785,2912.0,180.0,360.0,0.0,0,test,1,0,0,0,1,0,0
193,LP002070,1,1,1,0,2654,1998.0,128.0,360.0,0.0,0,test,1,0,0,0,1,0,0
194,LP002077,1,1,0,0,10000,2690.0,412.0,360.0,1.0,0,test,1,0,0,0,0,1,0
195,LP002083,1,0,0,1,5833,0.0,116.0,360.0,1.0,1,test,0,1,0,0,0,0,1
196,LP002090,1,1,0,0,4796,0.0,114.0,360.0,0.0,0,test,1,0,0,0,0,1,0
197,LP002096,1,1,1,0,2000,1600.0,115.0,360.0,1.0,1,test,1,0,0,0,1,0,0
198,LP002099,1,1,0,0,2540,700.0,104.0,360.0,0.0,0,test,1,0,0,0,0,0,1
199,LP002102,1,1,0,1,1900,1442.0,88.0,360.0,1.0,1,test,1,0,0,0,1,0,0
200,LP002105,1,1,0,1,8706,0.0,108.0,480.0,1.0,1,test,0,1,0,0,1,0,0
201,LP002107,1,1,1,0,2855,542.0,90.0,360.0,1.0,1,test,0,0,1,0,0,0,1
202,LP002111,1,1,0,0,3016,1300.0,100.0,360.0,1.0,1,test,0,0,0,1,0,0,1
203,LP002117,0,1,0,0,3159,2374.0,108.0,360.0,1.0,1,test,0,1,0,0,0,1,0
204,LP002118,0,0,0,0,1937,1152.0,78.0,360.0,1.0,1,test,0,0,1,0,0,1,0
205,LP002123,1,1,0,0,2613,2417.0,123.0,360.0,1.0,1,test,1,0,0,0,0,1,0
206,LP002125,1,1,0,0,4960,2600.0,187.0,360.0,1.0,1,test,1,0,0,0,0,1,0
207,LP002148,1,1,0,0,3074,1083.0,146.0,360.0,1.0,1,test,1,0,0,0,0,1,0
208,LP002152,0,0,0,0,4213,0.0,80.0,360.0,1.0,0,test,1,0,0,0,0,0,1
209,LP002165,1,0,1,0,2038,4027.0,100.0,360.0,1.0,1,test,1,0,0,0,1,0,0
210,LP002167,0,0,0,0,2362,0.0,55.0,360.0,1.0,1,test,1,0,0,0,0,0,1
211,LP002168,1,0,0,0,5333,2400.0,200.0,360.0,0.0,0,test,0,0,0,1,1,0,0
212,LP002172,1,1,0,1,5384,0.0,150.0,360.0,1.0,1,test,0,1,0,0,0,1,0
213,LP002176,1,0,0,0,5708,0.0,150.0,360.0,1.0,1,test,0,0,0,1,1,0,0
214,LP002183,1,1,1,0,3754,3719.0,118.0,360.0,1.0,1,test,1,0,0,0,1,0,0
215,LP002184,1,1,1,0,2914,2130.0,150.0,300.0,1.0,1,test,0,0,0,1,0,0,1
216,LP002186,1,1,1,0,2747,2458.0,118.0,36.0,1.0,1,test,1,0,0,0,0,1,0
217,LP002192,1,1,0,0,7830,2183.0,212.0,360.0,1.0,1,test,1,0,0,0,1,0,0
218,LP002195,1,1,0,1,3507,3148.0,212.0,360.0,1.0,1,test,0,0,1,0,1,0,0
219,LP002208,1,1,0,0,3747,2139.0,125.0,360.0,1.0,1,test,0,0,1,0,0,0,1
220,LP002212,1,1,0,0,2166,2166.0,108.0,360.0,1.0,1,test,1,0,0,0,0,0,1
221,LP002240,1,1,1,0,3500,2168.0,149.0,360.0,1.0,1,test,0,0,1,0,1,0,0
222,LP002245,1,1,1,0,2896,0.0,80.0,480.0,1.0,1,test,1,0,0,0,0,0,1
223,LP002253,0,0,0,0,5062,0.0,152.0,300.0,1.0,1,test,1,0,0,0,1,0,0
224,LP002256,0,0,0,1,5184,0.0,187.0,360.0,0.0,0,test,1,0,0,0,0,1,0
225,LP002257,0,0,0,0,2545,0.0,74.0,360.0,1.0,1,test,1,0,0,0,0,0,1
226,LP002264,1,1,0,0,2553,1768.0,102.0,360.0,1.0,1,test,1,0,0,0,0,0,1
227,LP002270,1,1,0,0,3436,3809.0,100.0,360.0,1.0,1,test,0,0,1,0,1,0,0
228,LP002279,1,0,0,0,2412,2755.0,130.0,360.0,1.0,1,test,1,0,0,0,1,0,0
229,LP002286,1,1,1,0,5180,0.0,125.0,360.0,0.0,0,test,1,0,0,0,0,0,1
230,LP002294,1,0,0,0,14911,14507.0,130.0,360.0,1.0,1,test,0,1,0,0,0,1,0
231,LP002298,1,0,0,1,2860,2988.0,138.0,360.0,1.0,1,test,1,0,0,0,0,0,1
232,LP002306,1,1,0,0,1173,1594.0,28.0,180.0,1.0,1,test,1,0,0,0,1,0,0
233,LP002310,0,0,0,0,7600,0.0,92.0,360.0,1.0,1,test,1,0,0,0,0,1,0
234,LP002311,0,1,0,0,2157,1788.0,104.0,360.0,1.0,1,test,0,1,0,0,0,0,1
235,LP002316,1,0,0,0,2231,2774.0,176.0,360.0,0.0,0,test,0,1,0,0,0,0,1
236,LP002321,0,0,0,0,2274,5211.0,117.0,360.0,0.0,0,test,1,0,0,0,0,1,0
237,LP002325,1,1,1,0,6166,13983.0,102.0,360.0,1.0,1,test,1,0,0,0,1,0,0
238,LP002326,1,1,1,0,2513,1110.0,107.0,360.0,1.0,1,test,0,1,0,0,0,1,0
239,LP002329,1,0,0,0,4333,0.0,66.0,480.0,1.0,0,test,0,1,0,0,0,0,1
240,LP002333,1,0,1,0,3844,0.0,105.0,360.0,1.0,1,test,0,0,1,0,0,0,1
241,LP002339,1,1,0,0,3887,1517.0,105.0,360.0,0.0,0,test,0,1,0,0,0,1,0
242,LP002344,1,1,0,0,3510,828.0,105.0,360.0,1.0,1,test,1,0,0,0,0,1,0
243,LP002346,1,1,0,0,2539,1704.0,125.0,360.0,0.0,0,test,0,0,1,0,1,0,0
244,LP002354,0,0,1,0,2107,0.0,64.0,360.0,1.0,1,test,1,0,0,0,0,1,0
245,LP002355,1,1,0,0,3186,3145.0,150.0,180.0,0.0,0,test,1,0,0,0,0,1,0
246,LP002358,1,1,0,1,5000,2166.0,150.0,360.0,1.0,1,test,0,0,1,0,0,0,1
247,LP002360,1,1,0,0,10000,0.0,120.0,360.0,1.0,1,test,0,1,0,0,0,0,1
248,LP002375,1,1,1,1,3943,0.0,64.0,360.0,1.0,1,test,0,1,0,0,0,1,0
249,LP002376,1,0,0,0,2925,0.0,40.0,180.0,1.0,1,test,1,0,0,0,1,0,0
250,LP002383,1,1,0,0,3242,437.0,142.0,480.0,0.0,0,test,1,0,0,0,0,0,1
251,LP002385,1,1,0,0,3863,0.0,70.0,300.0,1.0,1,test,0,0,1,0,0,1,0
252,LP002389,0,0,0,0,4028,0.0,131.0,360.0,1.0,1,test,1,0,0,0,0,1,0
253,LP002394,1,1,0,0,4010,1025.0,120.0,360.0,1.0,1,test,0,1,0,0,0,0,1
254,LP002397,0,1,0,0,3719,1585.0,114.0,360.0,1.0,1,test,1,0,0,0,0,0,1
255,LP002399,1,0,0,0,2858,0.0,123.0,360.0,0.0,0,test,0,0,0,1,1,0,0
256,LP002400,0,1,0,0,3833,0.0,92.0,360.0,1.0,1,test,1,0,0,0,1,0,0
257,LP002402,1,1,0,0,3333,4288.0,160.0,360.0,1.0,1,test,0,0,0,1,0,0,1
258,LP002412,1,1,0,0,3007,3725.0,151.0,360.0,1.0,1,test,1,0,0,0,1,0,0
259,LP002415,0,0,0,0,1850,4583.0,81.0,360.0,1.0,0,test,0,0,0,1,1,0,0
260,LP002417,1,1,1,0,2792,2619.0,171.0,360.0,1.0,1,test,0,1,0,0,0,1,0
261,LP002420,1,1,0,0,2982,1550.0,110.0,360.0,1.0,1,test,1,0,0,0,0,1,0
262,LP002425,1,0,0,0,3417,738.0,100.0,360.0,1.0,0,test,0,1,0,0,1,0,0
263,LP002433,1,1,0,0,18840,0.0,234.0,360.0,1.0,1,test,1,0,0,0,1,0,0
264,LP002440,1,1,0,0,2995,1120.0,184.0,360.0,1.0,1,test,1,0,0,0,1,0,0
265,LP002441,1,0,0,0,3579,3308.0,138.0,360.0,1.0,1,test,1,0,0,0,0,1,0
266,LP002442,0,1,1,0,3835,1400.0,112.0,480.0,0.0,0,test,0,0,1,0,0,0,1
267,LP002445,0,0,1,0,3854,3575.0,117.0,360.0,1.0,1,test,0,0,0,1,1,0,0
268,LP002450,1,1,0,0,5833,750.0,49.0,360.0,0.0,0,test,1,0,0,0,1,0,0
269,LP002471,1,0,0,0,3508,0.0,99.0,360.0,1.0,0,test,0,1,0,0,1,0,0
270,LP002476,0,1,1,0,1635,2444.0,99.0,360.0,1.0,1,test,1,0,0,0,0,0,1
271,LP002482,0,0,0,1,3333,3916.0,212.0,360.0,1.0,1,test,1,0,0,0,1,0,0
272,LP002485,1,0,0,0,24797,0.0,240.0,360.0,1.0,1,test,1,0,0,0,0,1,0
273,LP002495,1,1,0,0,5667,440.0,130.0,360.0,0.0,0,test,1,0,0,0,0,1,0
274,LP002496,0,0,0,0,3500,0.0,94.0,360.0,0.0,0,test,0,0,1,0,0,1,0
275,LP002523,1,1,0,0,2773,1497.0,108.0,360.0,1.0,1,test,0,1,0,0,0,1,0
276,LP002542,1,1,0,0,6500,0.0,144.0,360.0,1.0,1,test,1,0,0,0,0,0,1
277,LP002550,0,0,0,0,5769,0.0,110.0,180.0,1.0,1,test,1,0,0,0,0,1,0
278,LP002551,1,1,1,1,3634,910.0,176.0,360.0,0.0,0,test,1,0,0,0,0,1,0
279,LP002553,1,0,0,0,29167,0.0,185.0,360.0,1.0,1,test,1,0,0,0,0,1,0
280,LP002554,1,0,0,0,2166,2057.0,122.0,360.0,1.0,1,test,0,1,0,0,0,1,0
281,LP002561,1,1,0,0,5000,0.0,126.0,360.0,1.0,1,test,1,0,0,0,1,0,0
282,LP002566,0,0,0,0,5530,0.0,135.0,360.0,1.0,1,test,0,0,1,0,0,0,1
283,LP002568,1,0,1,0,9000,0.0,122.0,360.0,1.0,1,test,1,0,0,0,1,0,0
284,LP002570,0,1,0,0,10000,11666.0,460.0,360.0,1.0,1,test,1,0,0,0,0,0,1
285,LP002572,1,1,0,0,8750,0.0,297.0,360.0,1.0,1,test,1,0,0,0,0,0,1
286,LP002581,1,1,1,0,2157,2730.0,140.0,360.0,1.0,1,test,1,0,0,0,1,0,0
287,LP002584,1,0,0,0,1972,4347.0,106.0,360.0,1.0,1,test,1,0,0,0,1,0,0
288,LP002592,1,0,0,0,4983,0.0,141.0,360.0,1.0,1,test,1,0,0,0,0,0,1
289,LP002593,1,1,0,0,8333,4000.0,120.0,360.0,1.0,1,test,1,0,0,0,0,0,1
290,LP002599,1,1,0,0,3667,2000.0,170.0,360.0,1.0,1,test,1,0,0,0,0,1,0
291,LP002604,1,1,0,0,3166,2833.0,145.0,360.0,1.0,1,test,0,0,1,0,0,0,1
292,LP002605,1,0,1,0,3271,0.0,90.0,360.0,1.0,0,test,0,0,1,0,1,0,0
293,LP002609,0,1,0,0,2241,2000.0,88.0,360.0,0.0,0,test,1,0,0,0,0,0,1
294,LP002610,1,1,1,1,1792,2565.0,128.0,360.0,1.0,1,test,1,0,0,0,0,0,1
295,LP002612,0,1,0,0,2666,0.0,84.0,480.0,1.0,1,test,0,0,0,1,0,1,0
296,LP002614,1,0,0,0,6478,0.0,108.0,360.0,1.0,1,test,0,1,0,0,0,1,0
297,LP002630,1,0,1,1,3808,0.0,83.0,360.0,1.0,0,test,0,1,0,0,1,0,0
298,LP002635,0,1,1,0,3729,0.0,117.0,360.0,1.0,1,test,1,0,0,0,0,1,0
299,LP002639,1,1,0,0,4120,0.0,128.0,360.0,1.0,1,test,0,1,0,0,1,0,0
300,LP002644,1,1,0,1,7500,0.0,75.0,360.0,1.0,1,test,1,0,0,0,0,0,1
301,LP002651,1,1,0,0,6300,0.0,125.0,360.0,0.0,0,test,1,0,0,0,0,0,1
302,LP002654,0,0,0,1,14987,0.0,177.0,360.0,1.0,1,test,1,0,0,0,1,0,0
303,LP002657,1,1,1,1,570,2125.0,68.0,360.0,1.0,1,test,0,1,0,0,1,0,0
304,LP002711,1,1,0,0,2600,700.0,96.0,360.0,1.0,1,test,1,0,0,0,0,1,0
305,LP002712,1,0,1,0,2733,1083.0,180.0,360.0,1.0,1,test,1,0,0,0,0,1,0
306,LP002721,1,1,0,1,7500,0.0,183.0,360.0,1.0,1,test,1,0,0,0,1,0,0
307,LP002735,1,1,1,0,3859,0.0,121.0,360.0,1.0,1,test,1,0,0,0,1,0,0
308,LP002744,1,1,0,0,6825,0.0,162.0,360.0,1.0,1,test,1,0,0,0,1,0,0
309,LP002745,1,1,0,0,3708,4700.0,132.0,360.0,1.0,1,test,0,0,1,0,0,1,0
310,LP002746,1,0,0,0,5314,0.0,147.0,360.0,1.0,1,test,1,0,0,0,0,0,1
311,LP002747,0,0,0,0,2366,5272.0,153.0,360.0,0.0,0,test,1,0,0,0,1,0,0
312,LP002754,1,0,0,0,2066,2108.0,104.0,84.0,1.0,1,test,1,0,0,0,0,0,1
313,LP002759,1,1,0,0,5000,0.0,149.0,360.0,1.0,1,test,0,0,1,0,1,0,0
314,LP002760,0,0,0,0,3767,0.0,134.0,300.0,1.0,1,test,1,0,0,0,0,0,1
315,LP002766,0,1,0,0,7859,879.0,165.0,180.0,1.0,1,test,0,1,0,0,0,1,0
316,LP002769,0,1,0,0,4283,0.0,120.0,360.0,1.0,1,test,0,0,1,0,1,0,0
317,LP002774,1,1,1,0,1700,2900.0,67.0,360.0,0.0,0,test,1,0,0,0,0,0,1
318,LP002775,1,0,1,0,4768,0.0,125.0,360.0,1.0,1,test,0,1,0,0,1,0,0
319,LP002781,1,0,0,0,3083,2738.0,120.0,360.0,1.0,1,test,0,1,0,0,0,0,1
320,LP002782,1,1,0,0,2667,1542.0,148.0,360.0,1.0,1,test,1,0,0,0,1,0,0
321,LP002786,0,1,1,0,1647,1762.0,181.0,360.0,1.0,1,test,0,0,0,1,0,0,1
322,LP002790,1,1,0,0,3400,0.0,80.0,120.0,1.0,1,test,0,0,1,0,0,0,1
323,LP002791,1,0,0,0,16000,5000.0,40.0,360.0,1.0,1,test,1,0,0,0,0,1,0
324,LP002793,1,1,0,0,5333,0.0,90.0,360.0,1.0,1,test,0,0,0,1,1,0,0
325,LP002802,1,0,0,0,2875,2416.0,95.0,6.0,0.0,0,test,0,1,0,0,0,1,0
326,LP002803,1,1,1,1,2600,618.0,122.0,360.0,1.0,1,test,1,0,0,0,0,1,0
327,LP002805,1,1,0,0,5041,700.0,150.0,360.0,1.0,1,test,1,0,0,0,0,0,1
328,LP002806,1,1,0,1,6958,1411.0,150.0,360.0,1.0,1,test,1,0,0,0,1,0,0
329,LP002816,1,1,0,0,3500,1658.0,104.0,360.0,1.0,1,test,1,0,0,0,0,1,0
330,LP002823,1,1,0,0,5509,0.0,143.0,360.0,1.0,1,test,0,1,0,0,1,0,0
331,LP002825,1,1,0,0,9699,0.0,300.0,360.0,1.0,1,test,1,0,0,0,0,0,1
332,LP002826,0,1,1,0,3621,2717.0,171.0,360.0,1.0,1,test,1,0,0,0,0,0,1
333,LP002843,0,1,0,0,4709,0.0,113.0,360.0,1.0,1,test,1,0,0,0,0,1,0
334,LP002849,1,1,0,0,1516,1951.0,35.0,360.0,1.0,1,test,0,1,0,0,0,1,0
335,LP002850,1,0,0,0,2400,0.0,46.0,360.0,1.0,1,test,1,0,0,0,0,0,1
336,LP002853,0,0,1,0,3015,2000.0,145.0,360.0,1.0,1,test,0,1,0,0,0,0,1
337,LP002856,1,1,0,0,2292,1558.0,119.0,360.0,1.0,1,test,0,0,1,0,0,0,1
338,LP002857,1,1,0,1,2360,3355.0,87.0,240.0,1.0,1,test,0,0,0,1,1,0,0
339,LP002858,0,0,0,0,4333,2333.0,162.0,360.0,0.0,0,test,1,0,0,0,1,0,0
340,LP002860,1,1,0,1,2623,4831.0,122.0,180.0,1.0,1,test,0,0,0,1,0,1,0
341,LP002867,1,0,0,1,3972,4275.0,187.0,360.0,1.0,1,test,1,0,0,0,1,0,0
342,LP002869,1,1,1,0,3522,0.0,81.0,180.0,1.0,0,test,0,1,0,0,1,0,0
343,LP002870,1,1,0,0,4700,0.0,80.0,360.0,1.0,1,test,0,0,0,1,0,0,1
344,LP002876,1,0,0,0,6858,0.0,176.0,360.0,1.0,1,test,0,0,1,0,1,0,0
345,LP002878,1,1,0,0,8334,0.0,260.0,360.0,1.0,1,test,1,0,0,0,0,0,1
346,LP002879,1,1,0,0,3391,1966.0,133.0,360.0,0.0,0,test,1,0,0,0,1,0,0
347,LP002885,1,0,1,0,2868,0.0,70.0,360.0,1.0,1,test,0,0,1,0,0,0,1
348,LP002890,1,1,1,0,3418,1380.0,135.0,360.0,1.0,1,test,1,0,0,0,0,0,1
349,LP002891,1,1,0,1,2500,296.0,137.0,300.0,1.0,1,test,1,0,0,0,1,0,0
350,LP002899,1,1,0,0,8667,0.0,254.0,360.0,1.0,1,test,1,0,0,0,1,0,0
351,LP002901,1,0,0,0,2283,15000.0,106.0,360.0,1.0,1,test,1,0,0,0,1,0,0
352,LP002907,1,1,0,0,5817,910.0,109.0,360.0,1.0,1,test,0,0,0,1,0,0,1
353,LP002920,1,1,0,0,5119,3769.0,120.0,360.0,1.0,1,test,1,0,0,0,1,0,0
354,LP002921,1,1,1,0,5316,187.0,158.0,180.0,0.0,1,test,1,0,0,0,0,1,0
355,LP002932,1,1,0,0,7603,1213.0,197.0,360.0,1.0,1,test,1,0,0,0,0,0,1
356,LP002935,1,1,0,0,3791,1936.0,85.0,360.0,1.0,1,test,0,0,1,0,0,0,1
357,LP002952,1,0,0,0,2500,0.0,60.0,360.0,1.0,1,test,0,1,0,0,0,0,1
358,LP002954,1,1,1,0,3132,0.0,76.0,360.0,1.0,1,test,1,0,0,0,1,0,0
359,LP002962,1,0,0,0,4000,2667.0,152.0,360.0,1.0,1,test,0,0,0,1,0,1,0
360,LP002965,0,1,0,0,8550,4255.0,96.0,360.0,1.0,1,test,0,1,0,0,0,0,1
361,LP002969,1,1,0,0,2269,2167.0,99.0,360.0,1.0,1,test,0,0,1,0,0,1,0
362,LP002971,1,1,1,1,4009,1777.0,113.0,360.0,1.0,1,test,1,0,0,0,0,0,1
363,LP002975,1,1,0,0,4158,709.0,115.0,360.0,1.0,1,test,1,0,0,0,0,0,1
364,LP002980,1,0,0,0,3250,1993.0,126.0,360.0,1.0,1,test,1,0,0,0,0,1,0
365,LP002986,1,1,0,0,5000,2393.0,158.0,360.0,1.0,0,test,1,0,0,0,1,0,0
366,LP002989,1,0,0,1,9200,0.0,98.0,180.0,1.0,1,test,1,0,0,0,1,0,0